st	flaA	pilE	asd	mip	mompS	proA	neuA_neuAH
1	1	4	3	1	1	1	1
2	6	10	19	3	19	4	9
3	1	4	3	1	14	1	9
4	1	10	19	1	9	4	1
5	1	4	3	1	1	1	14
6	1	4	3	1	1	1	15
7	1	4	3	1	1	1	6
8	1	4	3	1	1	1	9
9	3	10	1	3	14	9	11
10	1	6	3	1	1	1	1
11	1	6	3	1	14	1	1
12	11	14	16	1	15	13	6
13	11	4	1	1	14	9	11
14	12	8	11	5	20	12	5
15	12	9	26	5	26	17	15
16	2	10	18	10	2	1	9
17	2	10	3	28	9	4	6
18	2	10	9	13	2	5	6
19	2	2	18	15	2	1	6
20	2	3	18	15	2	1	6
21	2	3	3	15	2	6	6
22	2	3	6	10	2	1	6
23	2	3	9	10	2	1	6
24	2	4	3	10	9	4	9
25	2	6	17	15	12	8	6
26	2	6	21	12	12	8	11
27	3	10	1	10	14	9	6
28	3	10	1	3	14	9	1
29	1	4	1	1	14	9	1
30	3	10	1	3	14	9	9
31	3	10	1	5	14	9	11
32	3	10	15	3	21	7	9
33	3	10	3	1	14	9	11
34	3	13	1	25	14	9	6
35	3	4	1	1	1	9	1
36	3	4	1	1	14	9	1
37	3	4	1	1	14	9	11
38	3	4	1	14	14	9	11
39	3	5	1	7	14	9	8
40	3	6	1	14	14	9	11
41	4	6	11	3	11	12	9
42	4	7	11	3	11	12	9
43	4	7	9	3	11	12	9
44	4	8	11	10	10	12	2
45	5	1	22	26	6	10	12
46	5	1	22	5	6	10	15
47	5	10	22	15	6	2	6
48	5	2	22	27	6	10	12
49	6	10	14	10	2	1	6
50	6	10	15	24	17	14	6
51	6	10	15	28	9	14	6
52	1	10	3	1	1	1	1
53	6	10	21	12	9	4	11
54	6	10	23	12	18	4	9
55	6	10	23	3	33	4	9
56	6	4	14	12	2	3	6
57	6	4	3	1	1	1	1
58	7	10	17	10	5	4	13
59	7	6	17	3	13	11	11
60	7	6	17	3	13	11	9
61	7	6	17	3	24	11	11
62	8	10	3	15	18	1	6
63	9	6	3	10	22	15	11
64	12	8	11	2	5	12	4
65	12	8	11	5	29	12	6
66	2	10	24	25	4	4	7
67	2	10	3	28	9	4	7
68	3	13	1	28	14	9	3
69	6	10	14	3	21	14	3
70	7	6	17	8	13	11	3
71	17	23	13	10	18	22	10
72	1	4	3	1	1	1	16
73	4	8	11	25	29	12	17
74	5	1	22	30	6	10	6
75	2	3	18	13	25	5	6
76	6	10	3	3	21	7	9
77	6	10	14	10	2	3	6
78	2	3	6	25	2	1	15
79	1	4	3	4	1	1	15
80	7	6	3	8	13	11	3
81	2	10	3	28	9	4	9
82	5	1	22	10	6	10	6
83	12	15	3	10	18	1	6
84	12	9	2	5	3	17	15
85	2	10	15	5	9	4	15
87	2	10	3	28	9	4	13
86	7	6	17	28	36	11	11
88	2	3	9	13	2	1	6
89	4	10	11	15	29	1	6
90	8	10	3	10	2	1	10
91	8	10	3	15	18	1	10
92	2	3	18	5	5	1	2
93	3	10	1	28	14	9	13
94	12	8	11	5	20	12	2
95	2	3	6	3	2	1	9
96	2	3	6	10	2	1	9
97	2	10	3	12	17	14	11
98	8	10	3	10	2	5	6
99	4	8	11	5	29	12	10
100	3	8	1	10	14	12	2
101	6	10	15	15	21	4	6
102	8	19	5	15	18	5	10
103	1	4	3	22	1	1	1
104	3	10	1	1	14	9	1
105	2	10	3	3	21	4	9
106	5	10	22	15	6	10	6
107	3	6	1	3	14	9	11
108	5	1	22	5	6	2	15
109	5	1	22	15	6	10	6
110	2	10	3	3	9	4	9
111	2	10	3	10	9	11	9
112	2	10	15	10	9	11	9
113	3	13	1	3	14	9	6
114	3	6	1	6	14	11	9
115	12	29	2	5	3	17	15
116	2	3	9	10	3	1	6
117	5	1	22	26	6	10	10
118	12	8	11	20	5	12	6
119	15	19	5	12	18	5	6
120	2	3	5	11	2	1	6
121	2	10	3	10	9	4	6
122	6	10	15	13	17	14	11
123	2	3	10	11	2	1	6
124	6	16	14	3	21	14	3
125	6	10	15	28	4	4	11
126	8	3	3	15	2	1	6
127	3	13	1	10	14	9	11
128	7	6	17	3	14	11	11
129	6	6	15	28	4	14	11
130	3	6	1	3	5	11	11
131	6	10	21	13	17	14	11
132	2	1	6	15	2	1	6
133	6	10	15	6	30	14	9
134	1	4	3	10	1	1	1
135	7	6	17	21	8	11	9
136	6	10	17	6	9	4	9
137	6	10	21	6	9	4	9
138	10	12	7	3	16	18	6
139	6	10	15	13	4	14	11
140	2	3	18	11	2	10	12
141	2	12	3	6	8	14	9
142	2	10	3	13	9	4	18
143	4	17	11	23	5	12	19
145	6	10	3	28	9	4	11
146	2	10	18	10	2	1	6
147	6	10	15	3	19	4	3
144	1	4	3	1	1	24	1
148	1	4	15	1	1	1	1
149	17	10	17	3	2	14	11
150	11	14	16	1	15	13	1
151	7	10	17	28	5	4	13
152	1	4	3	1	1	1	3
153	2	10	3	28	9	14	3
154	11	14	16	16	15	13	2
155	17	10	17	28	2	14	11
156	17	10	17	28	2	14	3
157	6	10	3	3	21	7	11
158	7	6	21	28	13	9	3
159	11	14	16	1	15	13	2
160	11	14	16	16	15	13	9
161	11	4	3	1	1	1	1
162	10	22	7	3	16	9	6
163	18	4	3	1	1	1	1
164	6	6	15	28	4	4	11
165	6	7	15	3	4	14	9
166	1	3	9	10	2	1	6
167	1	3	18	15	2	4	6
168	1	4	1	3	35	9	11
169	6	10	3	10	9	4	6
170	2	10	3	10	9	4	11
171	6	10	15	3	21	4	9
172	1	4	3	1	1	1	2
173	6	10	14	15	21	4	6
174	4	8	11	5	10	12	15
175	6	10	15	10	9	14	6
176	12	8	11	5	45	12	2
177	1	4	3	1	1	12	1
178	7	10	3	10	9	4	2
179	3	4	1	1	1	9	11
180	6	10	15	12	13	14	9
181	3	10	1	12	14	9	9
182	3	4	1	3	35	9	11
183	8	10	9	15	18	1	6
184	2	6	17	15	1	8	6
185	2	4	3	2	21	4	1
186	7	10	1	3	14	9	1
187	3	10	1	28	14	9	3
188	2	6	17	6	13	3	11
189	3	10	1	14	14	9	11
190	5	1	22	26	6	10	6
191	6	10	19	28	19	4	6
192	2	10	5	5	35	5	6
193	3	10	1	28	14	9	6
194	12	8	11	2	11	12	2
195	3	10	3	1	14	9	1
196	3	10	1	28	14	9	11
197	3	4	1	1	29	9	1
198	11	14	3	1	15	13	9
199	6	10	17	28	4	14	11
200	12	15	11	10	11	12	2
201	6	10	15	28	44	14	11
202	3	13	1	28	1	9	3
203	5	8	22	10	6	10	2
204	1	10	3	3	9	4	9
205	5	10	22	15	6	1	6
206	8	10	3	15	6	1	6
207	5	2	22	5	6	25	22
208	12	8	11	5	8	12	22
209	5	1	22	10	6	10	19
210	6	10	15	10	9	14	10
211	3	10	1	1	14	9	11
212	2	10	5	5	35	5	9
213	2	19	5	10	18	1	2
214	2	10	9	10	10	1	6
215	2	10	14	10	21	14	3
216	1	6	1	13	9	4	6
217	1	6	17	6	13	14	11
218	12	9	2	21	3	17	15
219	5	10	22	10	6	5	6
220	3	6	1	3	9	11	9
221	11	14	16	1	15	13	9
222	2	19	5	10	18	1	10
223	5	1	22	10	6	10	2
224	4	8	11	16	42	12	2
225	2	10	3	25	9	4	13
226	12	8	11	26	20	12	2
227	2	19	3	10	18	1	2
228	4	8	22	16	29	12	2
229	5	4	1	1	14	9	1
230	5	1	22	30	6	10	10
231	8	10	3	15	21	12	20
232	5	1	22	23	6	10	19
233	2	10	9	13	2	1	20
234	3	4	1	1	14	9	9
235	7	6	17	3	13	14	3
236	3	25	1	1	1	9	1
237	12	8	11	5	47	12	2
238	7	6	31	8	48	15	11
239	6	10	15	3	21	14	3
240	12	7	11	21	11	12	15
241	7	6	17	6	13	11	15
242	3	10	1	28	1	9	3
243	3	30	1	28	14	9	3
244	7	10	17	3	9	11	11
245	2	10	3	13	9	4	1
246	2	10	3	28	9	4	11
247	1	4	3	5	1	1	11
248	3	13	1	1	14	9	11
249	1	4	3	5	1	1	1
250	2	10	17	28	9	4	11
251	21	14	29	35	15	29	10
252	22	4	3	1	1	30	1
253	2	10	5	10	38	5	10
254	1	6	17	6	13	11	11
255	7	10	3	28	9	14	9
256	6	10	14	5	39	14	9
257	12	8	11	5	40	12	22
258	4	8	11	16	43	12	2
259	21	27	28	2	15	29	6
260	12	8	11	23	29	26	2
261	7	28	17	3	13	11	3
262	7	6	30	2	12	11	11
263	7	10	31	3	13	11	11
264	22	6	3	1	1	30	2
265	8	10	3	15	18	1	21
266	8	10	3	10	18	1	6
267	3	4	1	1	8	9	1
268	6	10	14	3	21	4	2
269	7	10	17	3	13	11	11
270	5	1	22	16	6	10	2
271	6	10	19	5	19	4	9
272	8	10	3	15	18	1	20
273	6	10	19	3	19	4	2
274	4	7	11	15	11	12	9
275	2	10	3	5	19	4	9
276	2	19	11	10	18	12	2
277	5	1	22	15	6	10	2
278	6	10	15	28	4	14	11
294	8	3	3	15	21	1	6
279	6	10	1	28	4	14	11
280	2	10	19	28	21	14	6
281	7	6	17	28	4	14	11
282	6	23	17	28	21	4	11
283	6	23	19	28	19	4	11
284	1	6	3	10	1	1	11
285	2	10	14	10	19	4	3
287	1	12	1	1	1	9	2
288	12	8	11	16	29	12	2
289	2	19	11	10	18	1	2
290	4	8	11	10	29	12	10
291	6	10	14	10	13	3	9
292	6	10	19	28	19	4	3
293	17	10	15	28	17	3	6
295	7	6	17	28	14	11	13
286	1	4	3	1	14	1	1
296	1	4	3	1	1	1	11
297	7	10	17	28	13	4	13
298	6	10	15	20	21	14	6
299	2	10	9	10	2	1	6
300	4	8	11	23	34	12	6
301	2	10	3	12	9	4	9
302	3	6	17	25	14	9	7
303	1	4	17	1	1	12	1
304	1	4	1	1	1	1	1
305	6	10	19	6	19	4	6
306	6	10	15	13	9	14	11
309	2	3	18	12	2	1	6
311	7	10	15	28	9	4	13
312	6	10	15	28	17	14	3
313	7	6	17	6	13	11	11
314	12	9	26	21	26	17	15
315	1	4	3	4	2	1	15
316	4	7	11	3	11	12	23
317	2	10	3	1	9	14	1
318	1	10	3	1	1	9	1
307	6	10	19	14	4	4	3
308	2	10	18	10	2	9	6
310	6	10	3	28	9	1	11
319	6	6	3	28	9	4	3
320	1	4	3	1	1	5	1
321	2	6	17	3	12	8	3
322	6	10	19	3	19	4	3
323	6	6	17	3	9	11	9
324	6	10	15	10	9	14	3
325	7	6	3	8	9	4	6
326	2	10	15	3	9	4	6
327	6	6	17	3	17	11	6
328	6	10	19	28	19	4	9
329	6	6	19	28	19	4	3
330	7	10	3	3	9	4	3
331	3	13	1	1	14	9	13
332	7	10	17	6	14	11	3
333	12	31	2	5	3	17	15
334	2	6	17	6	13	11	11
335	1	10	3	15	2	1	3
336	11	14	16	25	7	13	24
337	10	22	7	28	16	18	6
338	2	10	15	28	9	4	13
339	6	6	17	8	13	11	3
340	3	6	1	7	14	9	11
341	7	6	17	28	13	11	13
342	2	10	3	28	21	4	6
343	2	10	3	6	8	14	9
344	6	10	17	28	9	4	13
345	6	10	19	3	19	4	11
346	3	4	1	28	14	9	1
347	3	4	1	3	14	9	11
348	6	10	19	14	19	4	6
349	3	5	1	28	14	9	2
350	6	10	15	12	17	14	11
351	2	4	3	1	21	4	1
352	12	8	11	13	10	12	2
353	8	10	6	15	51	1	6
354	3	5	1	7	14	32	8
355	1	10	1	10	14	9	6
356	6	10	15	12	9	14	11
357	11	14	32	3	7	33	9
358	12	3	9	13	52	1	6
359	3	6	1	10	14	9	11
360	6	10	2	28	9	4	13
361	7	10	17	28	13	11	13
362	6	10	19	28	19	4	13
363	7	6	3	3	13	11	11
364	2	6	17	21	13	11	15
365	2	10	15	28	9	9	11
366	2	10	3	3	9	4	6
368	6	10	15	28	4	14	1
369	2	10	3	3	9	14	9
370	17	10	3	28	9	4	13
371	2	10	17	28	9	4	13
372	2	10	3	28	9	4	1
373	23	31	32	36	52	33	24
374	6	10	17	3	4	14	9
375	7	6	17	3	13	11	15
376	2	10	3	28	9	4	15
377	6	10	15	28	9	14	1
367	6	10	15	28	21	14	9
378	3	13	1	17	14	9	7
379	2	10	3	3	9	4	13
380	2	10	3	3	15	4	13
381	7	6	17	14	12	8	3
382	6	10	1	28	9	4	13
383	6	10	14	12	21	14	9
384	2	3	9	10	2	1	10
385	3	4	1	1	14	9	6
386	10	10	3	28	9	4	11
387	2	6	17	14	13	11	11
388	7	6	17	12	13	11	6
389	2	10	24	7	4	4	7
391	3	13	1	14	14	9	11
392	3	13	1	6	14	9	11
393	3	6	1	25	14	9	7
394	6	10	3	25	16	4	7
395	7	6	17	20	13	11	3
396	2	10	24	28	4	4	1
397	2	10	1	28	4	4	11
398	2	10	24	28	4	34	11
399	6	10	3	28	9	14	11
400	5	4	3	1	1	1	1
401	5	31	22	10	6	25	1
402	7	6	17	3	9	14	11
403	2	10	15	28	17	3	1
404	22	4	3	36	1	30	1
405	2	10	17	6	13	11	11
406	6	10	3	30	9	4	3
407	6	10	15	3	21	14	9
408	8	10	34	9	53	8	1
409	2	32	20	12	34	35	1
410	2	32	20	38	34	35	11
411	5	4	3	16	2	1	13
412	2	10	24	28	4	4	3
413	2	6	17	14	12	8	8
414	2	3	3	10	2	1	6
415	11	21	33	37	31	1	11
416	6	10	19	30	2	4	6
417	2	10	3	28	4	4	13
418	2	10	24	28	14	4	1
419	3	13	1	28	14	9	7
420	7	7	11	3	11	12	9
421	2	10	3	3	9	4	3
422	7	6	3	3	14	4	3
423	10	22	7	28	16	18	1
424	7	10	17	3	13	14	9
425	2	10	3	15	9	4	11
426	2	6	17	14	12	11	11
428	7	6	17	25	13	11	15
429	7	14	16	28	7	13	15
430	2	6	17	6	12	8	11
431	10	22	7	6	14	18	11
432	3	13	1	28	9	9	3
433	2	10	18	10	2	1	1
434	6	10	19	15	4	4	6
435	2	10	18	15	2	1	6
438	3	10	1	1	14	9	15
439	3	4	1	28	14	11	11
440	3	10	1	28	14	9	1
441	8	10	3	14	18	1	6
442	2	10	3	1	1	4	1
443	2	6	17	1	13	11	24
444	2	10	22	10	2	1	6
445	2	3	18	13	2	1	6
446	3	4	3	1	1	9	1
447	3	6	3	14	14	9	11
448	2	3	18	10	2	1	6
449	2	10	3	10	15	1	6
450	2	23	13	5	18	22	6
451	21	14	29	16	15	29	1
452	6	6	17	3	13	11	11
453	5	10	3	15	6	2	6
436	12	17	11	15	5	12	20
455	2	3	9	10	5	1	6
456	1	4	3	16	2	1	6
457	8	3	9	10	2	1	6
458	24	6	3	3	13	11	11
459	1	4	3	1	13	5	9
460	23	12	31	6	48	31	3
461	6	10	14	28	21	14	9
462	12	9	2	5	50	17	15
463	6	10	5	10	9	1	3
464	2	10	3	28	21	4	13
465	2	29	2	5	50	20	15
466	6	10	15	28	4	14	15
467	7	6	17	8	13	11	9
468	3	10	1	6	14	9	3
469	3	10	1	28	14	9	9
470	7	6	17	3	13	11	1
471	11	14	16	31	15	13	3
472	6	10	19	30	19	14	9
473	6	23	15	28	9	14	3
474	1	4	3	1	1	1	13
475	17	23	13	20	32	22	8
476	1	4	3	13	1	1	1
477	12	9	26	5	3	17	15
478	6	10	21	12	21	14	11
479	5	1	22	10	6	10	12
480	2	10	15	1	9	4	1
481	4	7	11	13	11	12	9
482	6	10	14	5	6	14	9
483	3	13	1	1	14	9	3
484	6	10	15	28	9	14	9
485	3	10	1	3	14	11	11
486	1	4	3	1	21	1	1
487	3	6	1	28	14	11	11
488	2	3	9	10	2	10	6
489	5	10	18	10	2	1	6
490	17	23	13	10	32	22	10
491	12	8	11	16	5	12	4
492	6	10	15	28	2	14	11
493	3	13	1	28	14	9	11
494	7	6	17	14	12	11	11
495	6	10	15	28	21	4	3
496	7	6	31	3	48	15	11
497	6	10	14	5	21	1	9
498	2	7	3	3	9	4	9
499	2	10	15	3	21	4	3
500	2	10	15	3	9	4	9
501	6	10	2	10	13	14	6
503	8	10	14	15	18	1	6
504	7	6	17	3	13	14	11
505	7	6	17	3	11	11	9
506	2	3	6	13	2	1	6
507	2	3	5	10	2	1	6
508	10	10	7	28	16	18	11
509	6	10	15	10	9	14	11
510	7	6	17	28	13	11	15
511	2	6	17	3	9	4	11
512	3	8	19	28	19	4	9
513	7	6	17	6	48	11	11
514	6	6	17	3	17	11	9
515	2	10	15	10	9	14	3
516	7	6	3	3	9	11	3
517	7	6	3	8	13	14	6
518	17	6	15	28	9	14	3
519	7	10	3	3	4	11	3
520	2	10	24	28	4	4	13
521	4	7	11	3	17	12	9
522	5	1	22	30	6	10	13
523	4	8	11	10	5	26	6
524	26	33	37	10	55	10	25
525	12	7	11	39	11	12	26
526	2	19	5	12	18	5	9
527	7	6	17	3	13	11	3
528	5	2	22	15	6	10	11
529	2	3	9	10	1	1	1
531	6	10	15	28	9	4	9
532	2	10	9	13	2	5	9
533	3	10	1	3	14	4	11
534	2	10	3	1	9	4	1
535	2	10	18	40	29	1	2
536	7	6	1	6	14	11	6
537	3	13	1	28	12	9	3
538	2	6	3	3	9	14	3
539	4	8	11	2	10	12	2
530	6	10	20	6	9	4	9
540	1	13	3	1	1	1	1
541	6	1	22	30	6	14	6
542	1	10	15	1	21	14	2
543	2	10	11	21	18	5	15
544	4	7	18	3	11	12	9
545	2	10	3	3	9	4	11
546	21	10	3	15	18	1	6
547	2	10	3	28	9	4	26
548	7	10	17	17	30	11	3
549	6	23	15	3	9	14	6
550	2	3	6	10	51	1	6
551	6	10	15	3	21	7	11
552	7	6	17	3	13	9	11
553	3	6	1	3	14	11	9
554	10	7	17	28	13	8	3
555	6	10	15	10	9	14	9
556	16	4	3	1	1	1	1
557	2	10	3	1	9	4	9
558	2	10	3	10	9	14	9
559	2	10	3	41	9	14	9
560	1	4	3	1	1	30	1
561	3	6	1	6	14	11	1
562	7	10	3	1	9	4	6
563	1	4	3	12	1	1	27
564	6	10	14	10	39	3	6
565	2	3	9	10	2	5	11
566	6	10	20	13	21	14	11
567	7	6	17	3	40	11	11
568	24	6	39	3	13	11	11
569	6	10	15	3	13	14	11
570	1	10	22	15	6	2	6
571	6	10	15	28	13	14	9
572	2	3	5	11	2	1	9
573	16	21	33	37	41	1	1
574	11	14	16	16	15	13	11
575	2	3	18	13	25	1	6
576	6	10	3	3	19	4	11
577	6	10	15	13	9	14	16
578	6	10	15	13	9	14	6
579	3	13	1	3	14	9	11
580	2	10	9	15	2	1	20
581	1	10	1	1	14	9	1
582	6	10	14	10	33	1	11
583	7	6	17	28	13	11	3
584	2	10	15	16	21	14	6
585	3	4	1	1	40	9	1
586	2	6	17	3	48	8	6
587	2	10	3	28	9	14	9
588	2	6	17	3	12	8	13
589	2	1	15	28	9	4	13
590	3	32	20	6	34	35	6
591	5	2	22	15	6	10	6
592	6	10	15	24	9	14	16
593	2	3	40	13	2	1	6
594	8	10	3	44	9	4	13
595	2	14	16	16	15	13	2
596	27	3	9	43	56	5	6
597	7	2	3	8	13	11	3
598	11	14	16	10	15	13	11
599	6	10	17	28	19	4	6
600	6	10	19	28	19	14	11
601	6	6	15	28	9	14	11
602	6	10	11	28	4	14	9
603	7	8	17	3	14	11	11
604	6	10	15	3	19	4	11
605	7	10	17	3	13	9	11
606	6	10	15	3	21	4	3
607	11	14	16	16	15	13	1
608	2	14	16	1	15	13	1
609	3	13	1	1	14	9	1
610	8	10	3	10	2	1	6
611	6	35	38	42	1	14	1
612	2	6	17	14	8	8	9
613	2	3	6	15	2	1	6
614	2	10	3	6	9	4	11
615	12	9	2	5	27	20	6
616	2	10	3	10	9	4	28
617	6	10	14	10	39	3	9
618	4	8	11	16	29	12	2
619	6	10	15	1	21	14	1
620	17	10	3	8	21	4	3
621	3	10	1	6	14	9	8
622	3	13	1	3	9	9	9
623	7	10	17	11	13	14	6
624	12	8	11	10	5	12	6
625	12	8	11	2	40	12	4
626	3	4	1	28	14	11	1
627	3	6	1	14	14	11	11
628	3	4	1	1	14	13	30
629	11	14	3	25	1	13	1
630	1	4	3	1	1	1	10
631	7	6	3	28	1	11	3
632	1	4	17	1	13	1	1
633	2	10	3	3	1	4	9
634	1	4	16	1	15	1	1
635	1	4	3	3	9	1	1
636	2	6	17	25	13	11	6
502	6	10	19	3	19	4	6
637	6	10	15	3	9	14	6
638	6	10	14	3	21	13	9
639	6	10	2	28	9	4	6
640	17	10	3	28	9	4	11
641	7	10	17	3	17	11	11
642	2	10	3	10	9	14	6
643	6	10	17	28	9	4	11
644	6	10	20	10	9	14	11
645	2	10	14	3	21	4	3
646	2	10	21	28	9	4	13
647	5	4	22	27	6	10	12
648	2	10	3	15	9	4	3
649	3	13	1	3	14	9	3
650	2	4	3	13	9	4	13
651	2	10	1	28	14	9	3
652	1	4	3	1	57	1	1
653	1	4	41	1	1	37	1
654	1	10	3	28	21	4	13
655	2	4	3	28	1	4	13
656	2	6	3	28	9	4	9
657	2	10	3	3	21	4	11
658	2	10	3	10	4	3	11
659	2	19	5	5	18	5	6
660	3	5	1	3	14	11	8
661	3	5	1	7	14	11	11
662	3	6	1	1	1	9	11
663	3	12	1	6	14	9	29
664	3	13	1	3	14	9	9
665	3	13	1	45	14	9	3
666	6	10	3	3	19	4	9
667	6	10	3	28	19	4	9
668	6	10	15	3	4	14	24
669	6	10	15	28	4	14	24
670	7	6	17	3	11	11	11
671	7	6	17	18	21	11	1
672	7	10	17	3	30	11	9
673	7	10	17	8	13	11	7
674	7	12	17	3	13	11	11
675	12	8	11	5	47	26	2
676	23	12	31	6	48	31	9
677	6	10	17	3	17	11	9
678	12	14	16	16	15	13	11
679	27	3	9	15	56	5	6
680	2	10	3	28	4	4	6
681	11	14	16	25	7	13	6
682	7	6	17	10	13	9	11
683	6	6	17	3	9	14	13
390	1	4	3	28	1	1	6
0							
684	6	6	17	3	9	14	5
685	2	10	18	10	1	1	9
743	2	2	9	10	6	1	6
686	7	6	17	3	12	11	11
687	7	6	17	21	35	11	9
688	7	6	17	21	12	11	11
689	2	10	15	28	19	4	9
437	6	10	14	3	21	14	9
427	3	4	1	1	14	1	1
690	2	14	16	31	15	13	6
691	3	4	1	28	14	9	3
454	6	10	20	12	21	4	3
692	1	4	14	10	2	3	8
693	6	10	19	3	4	4	13
694	6	1	22	30	6	10	11
695	2	10	3	28	9	4	31
696	1	4	14	10	2	3	6
697	7	6	17	6	11	11	11
698	7	10	17	3	17	11	9
699	3	6	1	14	1	9	11
700	3	1	1	12	14	9	9
701	21	14	29	15	15	29	6
702	2	10	18	10	2	5	6
703	2	10	18	10	2	1	10
704	5	1	22	21	6	10	15
705	13	11	4	9	58	16	32
706	4	8	11	15	29	12	6
708	6	10	15	3	21	14	14
709	1	6	3	1	1	11	3
710	12	29	2	5	50	20	15
711	6	10	3	1	9	4	1
712	25	36	36	35	54	36	9
713	26	8	11	5	47	30	2
714	1	4	3	6	1	1	9
715	1	4	3	19	1	1	2
716	16	4	3	19	1	30	11
717	1	4	3	19	1	30	1
718	7	6	17	1	48	11	1
719	1	4	3	19	1	1	1
720	16	4	3	19	1	30	1
721	8	6	34	9	53	8	1
722	7	6	17	3	1	11	1
723	7	6	31	19	48	11	1
724	16	4	3	19	1	30	2
725	16	21	33	37	41	1	3
726	28	21	33	37	41	1	11
727	6	6	17	28	17	11	9
728	2	10	3	28	9	4	3
729	6	10	15	1	21	4	13
730	6	10	15	28	9	14	10
731	7	10	17	12	29	11	9
732	6	31	14	10	39	3	11
733	3	13	1	15	14	9	6
734	2	6	17	1	1	8	11
735	6	10	15	28	9	3	11
736	3	13	1	10	14	9	6
737	3	10	1	3	14	1	1
738	7	10	17	28	17	11	9
739	12	8	11	2	10	12	2
740	2	3	18	10	25	5	6
741	21	14	29	30	15	29	6
742	3	6	1	3	14	11	11
744	2	3	5	5	18	1	10
745	5	2	22	10	6	25	9
746	2	10	5	12	38	5	6
747	3	6	1	6	9	11	13
748	6	10	19	28	4	4	11
749	6	10	14	10	2	4	6
750	8	10	3	15	21	1	20
751	8	10	3	15	9	14	6
752	22	4	3	1	1	1	1
753	6	8	19	12	4	4	3
754	2	10	5	47	18	14	33
707	17	23	13	20	32	22	205
756	2	3	6	12	2	10	6
757	3	4	1	1	12	1	11
758	2	3	9	15	2	1	6
759	1	10	3	1	1	1	11
760	2	10	15	10	21	14	6
761	5	7	22	21	6	10	15
762	2	3	9	10	1	1	6
763	6	10	19	28	19	4	11
764	12	7	11	20	11	12	11
765	12	6	7	13	53	18	9
766	1	4	3	10	1	5	10
767	2	10	3	3	1	4	1
768	10	10	7	28	16	18	6
769	10	12	7	21	16	18	9
770	3	5	1	7	14	9	3
771	3	4	1	1	14	9	3
772	1	4	42	1	1	1	1
773	3	4	1	28	14	9	13
774	6	10	15	6	9	14	6
775	8	24	3	15	21	12	20
776	2	10	19	12	21	14	9
777	5	2	22	10	6	25	1
778	6	10	3	3	9	4	3
779	1	4	3	1	1	1	26
780	3	10	1	1	1	9	1
781	2	4	3	1	1	1	6
782	1	8	3	1	1	1	4
783	2	3	9	10	59	1	6
784	1	4	3	3	1	1	11
785	6	37	15	15	21	10	9
786	4	8	11	21	29	12	15
787	2	10	1	3	9	4	3
788	2	6	17	14	12	8	11
789	2	10	1	28	9	4	13
790	2	10	3	16	9	11	9
791	8	8	3	15	18	1	6
792	17	23	13	21	32	22	15
793	12	38	26	21	3	17	15
794	12	31	2	5	3	17	34
795	1	4	3	12	1	1	11
796	1	4	3	10	1	1	10
797	4	8	11	5	29	12	2
798	8	14	29	10	15	29	6
799	21	14	29	35	15	29	6
800	2	19	5	5	18	1	6
801	4	8	11	10	29	12	6
802	6	6	3	12	4	14	11
803	6	10	15	15	2	1	20
804	6	10	15	3	21	14	6
805	3	4	1	1	59	9	11
806	2	3	9	10	51	1	10
807	6	10	17	28	19	4	11
808	21	40	43	20	15	26	2
809	1	10	3	1	1	14	1
810	1	6	17	14	12	8	11
811	6	10	15	15	4	14	3
812	1	10	3	1	1	1	9
813	6	10	15	28	4	14	9
814	12	3	18	10	2	1	6
815	12	8	11	2	29	12	2
816	6	6	15	10	4	14	3
817	2	6	3	28	9	14	11
818	11	14	16	3	15	13	9
819	21	14	29	10	15	29	6
820	2	23	13	10	32	22	6
821	4	1	22	26	6	10	12
822	4	31	11	5	5	12	22
823	11	4	16	5	15	13	2
824	8	10	18	15	2	1	6
825	12	39	11	10	24	12	6
826	8	3	3	15	21	1	2
827	6	10	3	3	9	4	11
828	2	10	3	10	9	4	3
829	6	10	15	1	21	14	11
830	8	10	3	10	18	1	10
831	2	6	21	12	12	8	35
832	7	34	17	3	13	11	11
833	6	10	17	28	2	14	11
834	7	6	17	3	13	15	11
835	3	6	3	6	9	4	9
836	6	10	17	3	9	4	9
837	6	6	15	10	2	14	3
838	3	6	1	28	14	11	9
839	6	10	14	10	21	4	3
840	12	7	11	20	11	12	6
841	2	10	3	3	18	4	3
842	6	10	22	3	4	3	3
843	7	6	17	11	13	11	6
844	2	10	24	28	4	4	6
845	10	22	7	28	9	18	6
846	2	29	3	28	9	14	15
847	6	10	21	12	17	14	11
848	8	10	3	15	21	26	20
849	6	10	15	28	21	7	3
850	2	3	9	50	2	1	6
851	2	10	3	28	9	14	1
852	6	10	15	24	21	14	6
853	2	10	3	28	21	14	24
854	6	10	15	24	9	14	6
855	3	10	1	28	14	4	13
856	5	1	22	30	6	10	1
857	1	4	3	1	6	1	1
858	2	10	19	44	19	4	36
859	4	8	11	5	10	12	2
860	2	3	18	15	1	1	6
861	12	31	2	10	3	17	6
862	4	17	11	15	29	12	20
863	6	10	5	3	18	14	9
864	6	41	45	51	55	10	31
865	1	6	3	1	1	5	11
866	7	10	17	3	21	11	11
867	10	22	7	47	16	18	9
868	5	10	3	10	18	1	6
869	2	10	14	5	39	14	9
870	6	10	19	5	19	4	1
871	4	17	11	15	5	12	6
872	1	10	3	1	1	1	10
873	8	10	3	15	18	12	6
874	6	10	15	10	4	14	1
875	7	6	17	3	50	11	11
876	2	3	6	15	51	1	6
877	1	4	3	16	15	1	9
878	2	10	5	5	35	5	34
879	4	8	11	49	11	12	22
880	6	10	19	3	2	4	11
881	7	7	17	3	13	11	9
882	2	10	3	21	9	14	9
883	21	14	29	2	15	29	6
884	3	27	28	2	15	29	6
885	2	10	9	13	2	10	6
886	1	4	3	1	19	1	1
887	21	16	16	16	15	13	9
888	5	14	22	26	2	10	12
889	2	10	46	47	52	5	6
890	4	6	1	3	14	11	9
891	2	3	18	13	2	5	6
892	2	3	9	10	2	12	6
893	7	10	17	3	13	4	11
894	21	14	43	16	15	26	2
895	1	6	3	3	1	1	11
896	2	10	14	15	18	5	6
897	2	4	9	10	21	1	6
898	6	10	2	3	9	14	11
899	6	10	14	10	39	3	20
900	6	10	14	10	21	14	6
901	2	1	18	15	2	10	6
902	2	1	18	10	2	1	6
903	1	4	3	1	1	38	1
904	1	14	3	1	15	13	9
905	2	3	9	13	56	5	6
906	2	6	17	6	13	14	11
907	3	6	17	13	13	11	1
908	1	4	3	5	1	1	6
909	3	13	1	1	14	9	6
910	2	6	15	28	9	19	9
911	2	3	9	10	60	1	9
912	6	6	21	6	19	4	11
913	5	2	22	27	6	10	9
914	12	8	11	2	11	1	1
915	1	4	3	16	2	1	11
916	4	8	11	25	29	12	2
917	11	14	16	31	15	13	6
918	7	6	17	13	13	11	6
919	7	6	17	13	13	11	13
920	5	1	22	13	6	9	3
921	3	10	1	3	1	9	11
922	4	27	11	16	59	12	26
923	7	6	17	12	13	11	11
924	2	3	9	13	52	1	6
925	4	8	11	2	40	12	4
926	12	8	11	20	40	12	6
927	3	13	1	14	14	9	3
928	6	10	17	3	9	14	9
929	6	10	15	5	13	14	15
930	7	10	17	6	13	11	11
931	7	6	17	15	13	11	11
932	5	1	22	10	6	10	10
933	6	10	3	5	9	4	9
934	6	10	15	28	9	14	2
935	6	10	17	3	9	14	11
936	2	10	9	21	52	5	32
937	2	10	3	3	64	4	9
938	10	22	7	28	65	18	6
939	17	10	3	28	9	4	9
940	31	10	20	10	21	14	11
941	30	18	44	15	61	13	6
942	6	10	14	20	39	14	6
943	30	18	44	10	61	13	10
944	21	14	29	46	15	29	10
945	6	10	3	1	9	39	3
946	2	3	18	15	9	1	6
947	23	10	15	21	30	14	9
948	7	4	17	7	13	11	8
949	2	10	15	28	9	4	11
950	2	10	17	1	1	4	1
951	10	22	7	10	35	18	3
952	1	4	9	1	1	1	1
953	2	10	14	3	9	14	11
954	3	6	1	10	14	11	6
955	2	10	17	3	9	4	11
956	6	10	3	3	9	1	9
957	7	6	17	3	21	11	9
958	2	10	24	28	4	4	9
959	1	4	3	1	9	1	3
960	2	6	3	6	1	4	9
961	2	10	3	28	9	14	11
962	2	10	3	28	9	14	6
963	3	10	1	3	9	9	11
964	4	6	17	6	13	11	11
965	11	4	1	1	15	13	1
966	10	22	3	28	16	18	6
967	2	10	3	3	9	14	3
968	12	9	26	5	50	17	15
969	6	10	15	10	13	14	9
970	3	13	1	1	1	9	1
971	1	14	16	1	15	13	1
972	2	6	17	20	9	14	9
973	2	3	5	15	2	1	6
974	1	4	3	10	1	1	11
975	6	10	19	28	21	4	11
976	7	6	17	10	13	11	11
977	23	10	3	28	8	4	9
978	8	10	3	15	18	1	9
979	10	22	7	3	16	18	6
980	6	10	17	28	9	14	3
981	2	10	19	28	19	4	11
982	6	10	17	3	21	14	3
983	2	6	17	3	12	11	11
984	12	29	2	20	50	20	15
985	2	6	17	8	14	11	11
986	1	14	16	16	15	13	2
987	3	1	1	1	14	9	9
988	6	3	18	15	9	1	6
989	4	15	11	5	30	12	6
990	2	10	17	3	9	4	1
991	2	10	17	3	1	4	1
992	3	6	1	28	14	11	13
993	10	22	7	28	16	18	13
994	6	10	15	5	21	14	15
995	2	3	9	10	2	6	6
996	7	7	17	28	13	11	13
997	2	10	3	28	9	14	13
998	7	6	3	8	13	11	13
999	6	10	15	10	21	40	3
1000	4	8	11	30	5	26	6
1001	12	9	26	28	3	17	15
1002	6	10	15	28	19	4	6
1003	17	6	7	13	21	18	9
1004	6	10	15	3	19	14	11
1005	10	22	7	28	16	18	11
1006	10	10	7	28	16	18	13
1007	2	10	46	47	35	5	6
1008	1	4	3	1	1	41	1
1009	3	13	1	17	14	9	9
1010	12	10	3	10	18	1	6
1011	1	4	3	1	1	4	6
1012	2	3	9	10	63	1	6
1013	6	10	15	10	21	40	9
1014	17	10	15	12	9	14	11
1015	4	8	11	23	40	12	37
1016	6	10	15	15	21	14	6
1017	3	10	1	28	1	9	1
1018	2	10	5	50	35	1	9
1019	3	4	3	1	1	1	1
1020	2	4	3	1	9	4	9
1021	31	10	20	10	21	4	11
1022	2	6	3	28	9	4	13
1023	21	27	28	12	15	29	6
1024	6	10	19	28	19	14	9
1025	6	10	19	14	4	4	11
1026	6	10	19	14	19	4	11
1027	6	10	17	28	21	7	11
1028	3	6	1	28	9	4	3
1029	6	10	15	28	19	14	11
1030	1	12	3	1	1	1	1
1031	32	6	17	3	13	11	11
1032	3	13	1	6	14	9	38
1033	6	42	15	28	19	4	3
1034	6	11	15	5	2	14	6
1035	2	3	18	10	2	1	1
1036	1	4	3	19	1	1	3
1037	6	10	14	28	21	4	9
1038	1	6	3	10	1	5	11
1039	6	10	15	13	21	14	6
1040	1	4	3	37	1	1	2
1041	10	10	7	28	65	18	6
1042	2	3	11	10	2	1	6
1043	6	10	21	3	9	14	11
1044	7	6	17	3	9	11	11
1045	4	10	11	10	11	12	28
1046	1	4	3	37	1	1	11
1047	6	10	20	6	13	14	13
1048	6	10	17	3	4	14	11
1049	12	8	11	2	11	12	4
1050	6	10	19	28	68	4	3
1051	6	16	49	28	4	4	9
1052	2	10	15	28	21	3	2
1053	6	16	14	28	4	14	3
1054	32	12	50	6	48	11	9
1055	6	16	15	28	4	4	3
1056	2	10	14	28	21	14	13
1057	6	10	15	28	9	4	3
1058	32	10	15	14	21	7	6
1059	8	6	34	9	53	8	6
1060	2	10	14	28	4	14	13
1061	32	10	15	14	19	7	34
1062	6	10	19	3	69	4	11
1063	3	10	1	28	14	9	2
1064	12	8	11	53	40	12	4
1065	11	14	16	25	7	13	1
1454	7	6	17	28	21	11	13
1457	2	10	3	13	9	4	206
1460	7	46	17	21	13	11	9
1066	7	10	17	17	13	11	3
1067	6	6	19	25	19	4	7
1068	1	10	2	18	9	14	11
1069	3	10	1	3	35	9	11
1072	2	6	3	1	13	14	11
1073	2	10	17	6	9	4	3
1074	7	10	14	15	21	4	6
1075	8	3	3	15	18	1	6
1076	6	10	2	3	9	4	9
1077	3	6	1	1	14	11	1
1078	7	6	17	20	13	11	6
1079	5	1	22	30	6	10	15
1080	6	6	19	28	19	4	13
1081	17	6	2	28	9	14	11
1082	12	15	11	5	11	12	15
1083	2	10	3	15	9	4	20
1084	6	10	15	14	21	40	9
1085	2	10	5	5	18	5	6
1086	5	2	22	10	6	25	6
1087	7	6	17	28	13	11	11
1088	12	8	11	20	40	12	9
1089	3	4	1	12	14	11	11
1090	2	10	3	15	2	1	20
1091	7	10	17	13	14	11	11
1092	7	4	31	10	48	15	11
1093	6	10	15	14	21	7	6
1094	6	10	20	10	9	4	9
1095	6	10	15	28	21	14	11
1096	21	27	28	3	15	11	11
1097	6	10	20	28	9	4	9
1098	23	10	3	3	8	4	9
1099	7	6	17	6	13	11	9
1100	6	10	15	3	17	14	9
1101	6	6	15	3	9	14	11
1102	3	6	1	28	14	9	11
1103	7	10	17	13	21	11	11
1104	3	13	1	28	14	9	13
1105	1	10	3	3	9	4	3
1106	6	10	15	12	17	14	9
1107	8	10	3	15	18	1	8
1108	28	17	33	19	31	1	1
1109	2	10	15	10	4	4	3
1110	3	1	1	28	14	9	3
1111	1	14	3	1	1	1	1
1112	2	3	5	13	2	1	10
1113	1	4	3	28	1	1	1
1114	7	6	17	3	19	14	11
1115	8	4	17	1	11	31	13
1116	6	10	15	19	28	4	11
1117	6	10	14	28	63	14	9
1118	11	14	16	25	7	13	13
1119	2	10	14	10	21	4	3
1120	2	6	17	1	13	3	1
1121	6	6	15	28	13	14	11
1122	6	10	19	6	19	4	13
1123	17	23	13	11	18	22	15
1124	28	4	3	1	1	1	1
1125	11	4	16	1	15	13	1
1126	11	14	16	12	15	13	1
1127	11	14	16	25	15	13	2
1128	2	14	16	12	15	13	3
1129	2	4	14	28	21	14	9
1130	1	4	3	16	2	1	3
1131	8	6	34	9	2	8	2
1132	3	4	1	54	14	9	7
1133	3	4	1	54	14	9	1
1134	6	10	17	6	13	11	11
1135	10	22	7	3	35	18	6
1136	6	10	23	28	18	14	6
1137	7	43	31	3	48	15	11
1138	6	13	19	6	19	4	11
1139	2	10	23	10	18	14	6
1140	8	10	3	15	1	1	6
1141	12	17	11	10	5	12	10
1142	1	4	3	1	18	1	6
1143	12	8	11	16	11	12	4
1144	2	10	15	12	9	14	11
1145	6	10	17	28	21	4	11
1146	6	10	15	28	9	14	11
1147	5	1	22	55	6	10	36
1148	10	22	7	3	16	18	11
1149	4	8	11	2	11	12	2
1150	8	10	13	2	32	22	6
1151	7	43	31	3	48	15	40
1152	7	6	17	3	13	11	40
1153	2	10	3	28	13	14	3
1154	33	4	3	1	1	1	1
1155	4	8	11	25	29	12	6
1156	6	10	15	3	21	7	9
1157	1	6	3	1	1	1	11
1158	2	14	16	30	15	13	9
1159	3	13	52	10	14	9	11
1160	1	4	3	1	70	1	1
1161	3	1	1	28	1	9	1
1162	2	6	1	6	9	4	11
1163	12	8	11	5	20	5	5
1164	2	10	3	28	9	14	17
1165	2	10	9	12	2	6	6
1166	2	3	9	10	2	1	9
755	6	10	19	13	22	14	1
1167	6	10	19	13	21	14	1
1168	2	3	5	28	2	1	3
1169	7	6	17	3	9	11	6
1170	6	10	15	3	9	4	13
1171	1	10	2	28	9	14	11
1172	6	10	21	12	21	43	11
1173	21	27	28	5	15	29	15
1174	2	10	54	3	9	11	13
1175	3	6	17	3	48	11	1
1176	2	6	17	11	48	8	1
1177	1	4	3	1	2	1	1
1178	28	17	33	19	31	1	2
1179	1	4	3	16	2	1	2
1180	1	4	3	16	2	1	1
1181	3	13	1	3	14	3	6
1182	1	14	16	25	7	13	24
1183	1	14	16	19	15	13	1
1184	2	3	9	10	2	9	6
1185	3	14	16	16	15	13	2
1186	2	3	5	3	2	1	9
1187	2	3	5	13	2	1	6
1188	2	3	5	28	2	1	6
1189	2	3	5	58	2	1	6
1190	2	3	18	12	35	1	6
1191	2	3	58	10	2	1	6
1192	2	10	5	10	2	1	6
1193	2	10	5	10	2	1	9
1194	2	10	5	47	18	5	9
1195	2	10	9	12	2	5	6
1196	2	10	14	3	18	4	11
1197	2	10	57	10	18	5	9
1198	2	23	13	25	18	22	9
1199	2	31	5	21	18	12	6
1200	4	8	11	10	11	12	10
1201	12	8	11	56	2	12	34
1202	12	15	11	56	11	12	34
1203	21	14	29	1	15	29	6
1204	34	27	56	57	72	29	44
1205	2	3	18	10	2	1	10
1206	1	7	11	3	11	1	9
1207	35	10	5	50	2	1	6
1208	2	10	1	28	21	14	3
1209	6	10	15	47	9	14	11
1210	8	19	5	12	18	5	6
1211	2	3	9	30	2	1	6
1212	2	10	17	14	21	14	11
1213	2	6	17	28	9	4	3
1214	3	13	1	3	14	9	1
1215	2	6	48	6	48	5	10
1216	11	14	16	16	15	42	2
1217	6	10	19	1	19	4	11
1218	2	3	6	3	18	1	9
1219	30	14	16	54	7	13	41
1220	2	10	3	6	9	11	13
1221	5	1	22	10	6	10	15
1222	3	14	16	25	7	13	24
1224	6	10	15	13	73	14	6
1225	34	27	55	54	71	44	44
1226	7	10	17	28	13	11	3
1227	11	14	16	19	15	13	3
1228	8	6	34	9	2	8	3
1229	9	10	17	6	13	11	3
1230	7	6	17	6	13	11	40
1231	3	1	22	26	6	10	12
1232	4	7	11	28	11	12	13
1233	10	22	7	6	16	18	40
1234	1	6	17	28	13	11	3
1235	2	3	53	15	2	1	6
1236	6	10	15	10	21	40	6
1237	11	14	16	10	15	13	6
1238	2	6	17	23	1	11	45
1239	26	1	18	60	2	10	6
1240	1	10	3	1	9	1	1
1241	12	7	11	3	11	12	9
1242	8	10	5	10	2	1	6
1243	21	14	29	5	15	29	2
1244	3	7	1	3	14	9	9
1245	4	7	11	3	11	12	15
1246	6	6	15	1	9	14	11
1247	2	23	13	3	18	22	9
1248	2	15	9	10	2	1	6
1249	3	10	1	15	14	9	9
1250	3	12	1	6	1	9	11
1251	6	10	15	13	21	7	6
1252	7	6	3	14	14	11	11
1253	3	4	1	28	35	9	11
1254	7	6	17	3	22	11	11
1255	2	10	3	3	4	11	11
1256	6	10	2	3	13	4	6
1257	4	7	11	3	11	12	13
1258	3	13	1	5	14	9	15
1259	2	8	5	10	2	1	9
1260	2	10	15	28	9	4	3
1261	2	10	17	1	9	4	1
1262	1	4	3	37	1	1	40
1263	2	6	48	6	1	1	40
1264	6	35	19	10	4	43	9
1265	32	12	50	6	48	11	13
1266	12	15	11	56	29	12	34
1267	2	6	48	6	48	5	40
1268	2	9	2	5	3	17	15
1269	2	10	1	28	21	4	13
1270	7	10	1	28	9	14	3
1271	2	10	22	28	9	4	13
1272	2	4	3	1	9	4	1
1273	7	6	17	10	13	11	6
1274	2	6	1	6	9	14	11
1275	12	6	17	2	53	11	11
1276	2	10	21	28	9	4	3
1277	1	4	3	25	1	1	1
1278	3	6	1	1	14	9	7
1279	7	6	17	3	2	11	11
1280	3	6	21	28	12	8	11
1281	1	4	3	25	1	1	10
1455	3	5	1	7	14	9	50
1458	10	14	16	16	15	13	2
1283	2	3	18	40	2	1	2
1284	21	10	29	15	15	29	6
1285	3	10	1	3	1	4	11
1286	12	4	11	10	5	12	6
1287	2	3	60	12	35	1	9
1288	7	6	17	28	13	11	207
1461	2	3	9	10	50	1	6
1463	6	10	15	28	4	4	9
1465	2	43	15	18	19	4	11
1467	8	6	34	9	2	8	9
1469	2	6	17	3	9	11	11
1471	6	14	16	16	15	13	2
1289	6	6	17	28	4	14	6
1290	2	14	16	10	15	13	11
1291	2	10	19	10	19	4	6
1292	2	10	11	10	2	1	6
1293	6	10	19	6	19	4	11
1294	6	10	14	3	2	10	9
1295	6	3	9	10	2	1	6
1296	7	6	17	21	13	11	15
1297	2	10	3	28	77	4	3
1298	10	22	7	3	16	18	1
1299	8	6	3	64	22	8	11
1473	11	14	16	28	15	13	3
1282	12	9	2	5	3	17	2
1300	11	14	16	18	15	13	201
1301	2	11	3	28	9	4	207
1475	6	6	15	3	9	14	2
1302	2	10	4	28	4	4	207
1303	2	3	9	10	2	1	15
1304	2	10	9	3	2	5	9
1305	1	10	18	10	2	1	6
1306	12	6	1	14	14	9	1
1307	12	9	1	5	3	17	15
1308	2	10	15	3	9	14	9
1309	2	15	22	10	2	1	6
1310	6	10	19	3	19	1	9
1311	8	6	17	3	13	11	11
1312	6	10	19	3	2	4	9
1313	6	10	3	3	9	4	9
1314	6	4	15	28	1	1	26
1315	5	6	1	3	14	9	11
1316	3	4	1	28	14	9	11
1317	16	21	12	19	31	21	215
1318	6	10	5	10	9	1	209
1223	1	4	3	5	1	1	213
1319	2	6	17	14	12	8	211
1320	8	1	22	30	6	10	203
1321	13	11	4	9	23	16	214
1322	6	10	22	3	21	3	207
1323	6	10	3	28	9	4	207
1324	5	1	22	30	6	10	203
1325	7	6	3	20	13	11	205
1326	3	10	1	28	14	9	207
1327	11	14	16	31	15	13	210
1328	20	26	27	34	46	27	212
1329	1	4	3	5	50	1	213
1330	2	6	17	28	13	31	207
1331	6	10	14	10	33	1	209
1332	12	8	11	20	40	12	216
1333	2	10	3	28	9	14	207
1334	11	14	16	25	7	13	206
1335	14	18	8	18	28	19	201
1336	6	35	38	42	1	14	207
1337	2	10	3	3	9	14	207
1338	6	10	15	6	17	14	11
1339	3	10	1	28	50	9	3
1340	6	10	19	3	2	4	3
1341	3	13	1	3	14	9	207
1342	2	6	17	6	13	1	11
1343	6	10	21	28	4	14	207
1344	6	10	19	10	19	4	3
1345	17	10	3	1	9	4	3
1346	7	6	17	3	14	11	6
1347	12	1	2	5	3	17	15
1348	6	10	15	5	19	1	11
1349	2	10	17	28	9	4	207
1350	10	22	7	28	16	18	207
1351	6	10	14	28	21	14	207
1352	3	4	1	3	1	9	11
1353	4	8	11	25	29	12	9
1354	2	10	24	28	4	4	207
1355	12	9	26	5	26	17	5
1356	6	10	15	3	21	4	207
1357	2	10	3	16	9	4	208
1358	5	2	22	10	6	25	203
1359	2	10	3	13	9	4	202
1360	22	4	3	36	1	30	204
1361	3	13	1	1	14	9	207
1362	2	10	3	28	9	4	207
1363	17	23	13	63	32	22	46
1364	8	19	5	15	18	5	6
1365	1	4	3	28	1	1	207
1366	7	10	17	28	9	4	13
1367	3	10	15	28	17	14	207
1368	6	29	22	28	21	14	207
1369	8	14	16	25	7	13	206
1370	6	10	17	20	4	14	207
1371	4	8	11	3	8	12	11
1372	2	1	9	10	2	1	6
1373	5	2	3	10	6	25	203
1374	4	3	18	10	5	1	218
1375	3	10	3	28	9	4	9
1376	1	4	3	16	2	1	208
1377	2	14	16	25	7	13	206
1378	2	6	17	28	4	11	207
1379	6	10	14	10	21	4	207
1380	12	10	26	5	3	17	213
1381	6	10	15	28	9	14	207
1382	7	6	3	8	13	11	205
1383	3	24	1	29	34	23	219
1384	2	24	20	29	34	23	219
1477	17	10	17	3	2	14	2
1385	16	21	33	19	41	1	1
1386	6	10	5	12	33	4	6
1387	6	10	21	28	9	4	13
1456	6	10	2	10	9	4	7
1388	12	8	11	5	5	12	15
1389	4	7	11	3	11	9	9
1390	2	10	15	28	4	3	207
1391	22	4	3	8	1	15	204
1392	3	13	1	28	14	9	207
1393	21	10	14	10	21	4	20
1394	2	10	14	10	21	4	20
1395	14	18	8	10	28	19	2
1396	5	10	22	30	6	10	1
1397	6	10	15	27	9	14	11
1398	2	10	19	13	21	14	11
1399	2	10	19	10	21	14	6
1400	11	14	16	1	15	13	207
1401	2	6	3	1	17	4	9
1402	21	27	28	13	15	29	6
1403	5	1	22	16	6	10	26
1404	6	10	15	28	13	14	3
1405	6	10	19	3	19	4	207
1406	2	10	3	66	9	4	6
1407	1	4	61	1	1	1	6
1408	6	10	15	28	21	40	207
1409	6	10	19	28	19	4	207
1410	6	10	15	28	19	14	207
1411	6	10	17	3	4	14	207
1412	6	10	14	28	2	14	9
1413	8	6	34	9	53	8	209
1414	2	10	3	8	9	4	3
1415	2	10	3	10	9	4	207
1416	2	10	2	10	19	4	3
1417	8	6	34	9	2	8	209
1418	6	10	14	28	4	3	207
1419	6	10	5	28	18	14	7
1420	2	10	18	15	1	1	6
1421	1	4	3	4	1	1	2
1422	1	4	3	19	1	1	215
1423	17	23	13	6	32	22	205
1424	23	12	31	6	48	31	220
1425	3	4	1	28	14	9	207
1426	6	10	23	10	18	14	207
1427	3	12	1	6	14	9	220
1428	6	10	19	21	19	4	9
1429	6	10	20	13	9	14	9
1430	6	10	17	28	21	14	9
1431	7	8	8	2	4	2	1
1432	3	10	19	28	19	4	9
1433	11	14	16	1	15	13	11
1434	12	15	11	18	11	12	201
1435	12	23	13	54	32	45	47
1436	6	10	19	67	19	4	48
1437	2	10	3	28	79	4	13
1438	7	10	3	28	9	14	3
1439	6	10	15	28	21	7	207
1440	6	10	15	10	21	40	207
1441	6	10	5	10	33	1	209
1442	2	11	3	28	9	4	13
1443	2	10	3	21	9	4	9
1444	12	7	11	13	18	12	9
1445	6	6	15	14	4	14	221
1446	7	43	31	3	48	15	1
1447	6	10	20	13	9	4	11
1448	2	3	6	10	51	1	9
1449	2	3	6	3	51	1	6
1450	3	10	19	14	4	4	3
1451	1	4	3	1	1	1	49
1452	7	6	17	15	13	9	11
1453	2	10	17	28	13	4	13
1459	6	10	19	28	19	4	7
1462	17	10	15	28	21	4	2
1464	2	10	15	28	19	4	3
1466	2	6	14	28	21	8	3
1468	8	6	7	9	2	8	209
1470	10	22	34	28	16	18	6
1472	2	14	16	31	15	13	210
1474	11	14	16	7	15	13	3
1476	6	10	17	3	2	14	2
1478	17	10	15	28	21	4	207
1479	1	10	18	10	6	1	6
1480	3	13	1	14	14	9	6
1481	3	10	1	15	14	4	6
1482	7	10	3	28	9	4	207
1483	3	13	1	12	14	9	9
1484	3	3	1	10	5	9	9
1485	7	10	17	3	2	14	9
1486	7	6	3	28	13	11	3
1487	7	6	17	6	17	11	9
1488	17	10	2	28	9	14	13
1489	2	10	3	3	9	11	11
1490	2	10	21	28	2	14	9
1491	6	10	19	21	19	4	3
1492	2	10	24	3	50	4	6
1493	2	12	5	11	2	1	6
1494	2	10	3	3	8	4	9
1495	6	10	15	21	17	14	11
1496	3	6	1	14	8	11	11
1497	6	10	15	3	4	14	9
1498	4	8	11	5	40	12	2
1499	6	10	19	12	19	18	6
1500	2	14	29	15	15	29	6
1501	7	3	16	16	15	13	2
1502	2	10	57	28	18	5	1
1503	6	10	15	13	17	13	11
1504	3	6	1	1	11	9	12
1505	1	4	3	1	1	11	1
1506	6	10	22	13	17	14	11
1507	5	4	22	26	6	10	12
1508	2	10	48	28	9	14	3
1509	4	16	11	25	10	12	7
1510	2	6	3	6	9	4	11
1511	2	23	17	3	11	4	2
1512	2	3	9	10	2	13	6
1513	11	14	16	16	15	1	11
1514	21	14	29	21	15	1	15
1515	2	10	22	13	2	5	6
1516	6	10	15	28	4	14	207
1517	1	4	3	5	1	1	201
1518	3	13	1	21	14	9	15
1519	3	4	1	1	2	9	11
1520	21	14	29	35	15	29	206
1521	21	14	28	15	15	29	9
1522	5	1	22	30	6	10	9
1523	5	2	22	10	6	25	13
1524	6	10	15	28	62	14	207
1525	2	3	18	10	2	1	13
1526	12	8	11	10	10	12	2
1527	7	10	3	28	9	4	13
1528	6	10	17	28	17	14	9
1529	12	8	11	10	24	12	6
1530	17	10	15	28	17	3	11
1531	10	22	7	6	14	18	220
1532	12	8	11	2	8	12	9
1533	12	8	11	30	40	12	203
1534	3	10	1	1	1	9	11
1535	6	10	3	28	9	14	207
1536	1	4	3	14	1	1	11
1537	1	6	17	8	13	11	207
1538	2	10	3	1	9	4	6
1539	24	17	62	67	80	9	7
1540	2	10	15	10	9	4	6
1541	21	27	28	54	15	29	206
1542	6	41	22	55	55	10	31
1543	2	10	5	47	18	14	6
1544	6	10	19	12	19	4	6
1545	3	10	1	6	9	9	9
1546	7	10	17	3	13	11	9
1547	6	10	15	28	21	14	207
1548	2	6	17	3	13	11	11
1549	2	6	3	1	9	4	9
1550	7	10	17	3	50	11	9
1551	2	10	17	28	30	14	6
1552	22	10	3	1	1	1	10
1553	3	17	1	5	81	9	51
1554	6	10	15	10	13	14	6
1555	16	21	12	19	82	21	215
1556	7	10	1	28	13	11	3
1557	31	10	20	12	21	4	3
1558	6	10	20	12	1	4	1
1559	3	4	1	1	1	19	1
1560	2	6	34	9	12	8	1
1561	1	14	16	31	15	13	1
1562	1	14	16	16	15	13	9
1563	8	14	16	16	15	13	2
1564	6	10	15	3	21	7	6
1565	3	10	1	7	14	9	6
1566	6	10	15	1	4	7	10
1567	17	23	13	10	18	20	223
1568	3	6	1	6	14	9	13
1569	12	9	26	21	3	17	15
1570	21	10	28	28	15	29	6
1571	15	19	5	15	18	5	6
1572	2	10	3	15	9	11	6
1573	3	10	2	3	1	1	1
1574	2	3	9	10	18	1	6
1575	4	3	18	10	5	1	6
1576	4	7	11	3	59	12	9
1578	2	10	18	28	2	1	9
1579	3	4	15	1	14	9	11
1580	4	7	11	3	11	12	11
1581	6	10	2	28	9	14	9
1582	6	10	14	12	21	4	6
1583	8	10	3	10	14	1	6
1584	5	2	22	5	6	25	15
1585	6	10	19	28	78	1	207
1586	2	10	3	12	9	4	11
1587	21	27	29	54	15	47	9
1588	21	14	29	35	15	29	9
1589	3	27	29	54	15	47	8
1590	21	14	28	35	15	29	206
1591	6	10	15	28	17	14	11
1592	1	4	1	28	14	9	3
1577	2	18	18	15	2	1	6
1593	12	17	11	12	5	12	20
1594	2	10	19	28	21	14	11
1595	12	9	2	5	3	17	9
1596	3	7	1	28	14	9	3
1597	5	4	22	5	6	10	15
1598	3	6	1	6	42	11	34
1599	2	10	2	6	9	4	11
1600	2	10	22	1	9	4	1
1601	2	19	5	10	18	1	9
1602	2	10	1	28	9	4	3
1603	6	10	10	15	21	40	6
1604	1	4	3	10	1	1	209
1605	12	7	3	3	9	4	9
1607	7	6	3	3	13	9	11
1608	6	10	2	10	9	4	9
1609	2	10	3	28	21	4	3
1610	7	6	17	14	13	11	11
1611	2	6	17	6	1	14	11
1612	23	6	17	6	12	14	11
1613	2	6	17	6	12	14	11
1614	7	43	31	3	48	11	11
1615	7	6	17	3	21	11	11
1616	7	6	17	6	8	11	9
1617	7	43	31	6	1	15	11
1618	2	4	17	1	83	14	11
1619	7	6	17	3	84	11	11
1620	7	10	17	6	13	11	207
1621	2	3	9	11	2	1	6
1622	3	6	17	6	13	11	11
1623	2	6	17	1	12	14	11
1624	2	10	3	6	9	4	38
1625	3	26	27	34	46	27	212
1626	7	6	17	6	13	11	38
1627	7	6	17	6	13	9	11
1628	2	6	3	6	9	14	220
1629	12	8	11	18	8	12	201
1630	10	10	7	6	16	18	11
1631	2	12	3	6	9	14	220
1632	3	6	1	6	14	9	220
1633	2	10	19	28	19	4	6
1634	2	6	1	10	14	9	6
1635	3	4	1	1	14	11	30
1636	7	10	1	28	9	4	3
1637	1	10	3	30	1	1	213
1638	2	3	6	10	51	1	218
1639	1	14	16	25	7	13	206
1640	1	14	16	25	7	13	1
1641	7	10	3	28	9	4	3
1642	3	6	1	28	14	9	3
1643	1	4	14	10	9	3	6
1644	2	12	3	6	9	14	224
1645	5	2	22	10	6	10	10
1646	2	10	14	10	21	4	11
1647	6	10	15	13	4	14	1
1648	1	10	17	28	9	14	11
1649	7	6	17	3	13	9	207
1650	17	10	15	28	4	3	207
1651	2	10	15	16	21	14	11
1652	1	10	17	10	2	14	11
1653	2	10	15	16	21	14	1
1654	16	21	33	37	31	1	1
1655	6	4	3	3	9	4	9
1656	1	4	3	1	53	1	1
1657	1	4	3	37	1	1	1
1658	7	6	17	3	4	11	9
1659	12	9	2	5	19	17	15
1660	7	6	17	28	14	11	3
1661	6	10	19	28	9	14	1
1662	1	4	3	16	2	1	9
1663	6	10	19	8	9	4	1
1664	2	10	17	3	2	14	1
1665	6	10	19	3	19	4	1
1666	6	10	19	10	19	4	1
1667	6	10	9	66	9	4	9
1668	6	10	19	13	9	4	1
1669	6	10	19	28	9	7	1
1670	6	10	15	28	21	14	3
1671	6	10	14	28	21	3	1
1672	6	10	15	3	4	14	6
1673	6	10	14	28	21	3	9
1674	2	10	15	16	21	14	9
1675	6	10	15	10	4	4	3
1676	6	10	17	10	2	14	11
1677	6	10	19	66	9	4	9
1678	6	10	15	3	9	14	9
1679	2	10	3	13	9	4	9
1681	1	4	1	10	14	1	6
1682	2	10	15	8	9	4	207
1683	2	4	3	1	1	1	9
1684	12	8	18	5	5	12	15
1685	6	10	15	28	4	14	6
1686	6	10	15	10	21	3	6
1687	4	10	11	10	42	12	10
1688	2	47	3	3	9	4	3
1689	2	10	15	28	17	14	11
1690	22	4	3	1	1	9	1
1691	3	4	1	6	14	11	9
1693	3	6	1	14	8	8	9
1694	12	8	11	21	40	12	9
1695	10	22	7	28	85	18	6
1696	6	10	17	3	9	14	3
1697	5	10	22	24	6	10	6
1698	6	10	15	3	9	14	11
1699	6	10	15	28	21	7	11
1700	6	10	14	48	18	14	6
1702	2	3	5	47	18	5	6
1703	2	3	5	28	33	7	6
1704	6	10	15	28	21	40	11
1705	7	6	17	6	13	4	11
1706	6	6	14	14	4	14	6
1707	5	1	22	27	6	10	12
1708	6	10	17	28	4	14	9
1709	3	10	15	28	4	3	207
1710	2	3	5	28	33	14	6
1711	31	1	20	10	21	4	11
1712	27	3	9	12	2	1	6
1713	17	10	19	67	69	14	207
1714	37	11	4	9	58	16	52
1715	17	6	15	14	9	14	6
1716	6	6	17	28	13	14	11
1717	26	41	22	69	55	48	31
1718	11	14	16	19	15	13	215
1719	11	14	16	65	7	13	217
1720	2	10	17	14	21	14	221
1721	2	10	17	28	13	11	207
1722	2	3	6	50	51	1	9
1723	6	10	20	13	9	4	9
1724	2	7	11	3	11	12	9
1725	8	6	30	6	48	8	10
1726	21	14	29	1	15	29	206
1727	6	10	15	2	4	14	11
1728	32	6	15	6	86	7	6
1729	7	10	17	10	13	4	3
1730	2	6	17	6	8	8	9
1731	2	3	40	69	87	5	6
1732	8	6	30	6	48	8	11
1733	2	6	3	28	4	4	207
1734	6	10	23	70	33	14	9
1735	1	4	3	30	1	1	1
1736	17	10	15	14	17	3	11
1737	3	10	1	28	21	9	3
1738	10	22	7	28	9	18	13
1739	8	3	64	15	21	1	6
1740	19	25	25	68	49	28	225
1741	11	14	32	62	7	33	226
1742	2	19	5	10	33	1	10
1743	4	7	11	3	29	12	17
1744	4	8	11	15	59	26	6
1745	6	10	15	28	21	3	207
1746	6	10	19	28	9	14	207
1747	6	10	15	13	4	14	209
1748	2	3	5	10	2	1	201
1749	6	10	19	10	19	4	209
1750	2	10	15	16	21	14	201
1751	17	10	19	28	4	7	207
1752	6	10	19	28	9	14	208
1753	1	4	3	16	2	1	207
1754	1	10	19	28	4	7	207
1755	6	10	19	8	9	4	207
1756	3	13	1	21	11	9	9
1757	8	8	3	15	18	1	34
1758	2	3	9	1	2	1	6
1759	2	10	21	13	17	14	9
1760	12	15	11	11	18	12	10
1761	6	10	14	10	39	3	10
1762	7	10	21	28	9	14	3
1763	6	14	16	71	15	13	1
1764	27	3	9	12	63	1	6
1765	7	8	17	10	13	12	2
1766	21	23	28	2	15	29	6
1767	4	7	11	3	40	12	37
1768	10	10	7	28	85	18	16
1769	3	6	65	9	2	8	209
1770	2	10	3	36	9	4	9
1771	2	6	17	14	12	8	221
1772	2	6	3	28	9	4	3
1773	6	43	15	6	21	7	53
1774	7	10	3	72	9	4	13
1775	3	4	1	6	1	1	220
1776	4	4	1	1	14	9	24
1777	1	4	3	1	1	1	215
1778	3	14	16	16	15	13	9
1779	2	14	16	16	15	13	9
1780	6	10	20	28	13	14	207
1781	8	6	17	6	12	31	220
1782	2	6	17	28	12	11	207
1783	17	10	15	28	13	14	11
1784	2	10	2	16	13	14	202
1785	2	15	3	73	29	1	201
1786	2	15	3	73	29	1	9
1787	6	8	66	28	4	4	3
1788	26	6	9	52	67	1	6
1789	21	27	28	54	15	29	9
1790	3	12	1	3	1	9	11
1791	6	10	19	28	9	4	207
1792	6	10	3	14	9	4	6
1793	6	10	19	16	19	4	207
1794	10	22	7	28	16	3	8
1795	6	48	14	36	1	49	207
1796	2	8	18	10	2	1	2
1797	2	10	15	28	9	3	9
1798	7	10	17	10	13	4	11
1799	6	10	3	28	9	4	13
1800	4	8	11	2	5	12	4
1801	3	6	3	3	14	9	11
1802	7	6	17	10	11	11	3
1803	3	13	1	6	11	9	11
1804	26	41	22	21	55	48	31
1805	12	29	2	21	3	20	15
1806	4	8	11	3	29	12	9
1807	4	10	11	10	29	12	10
1808	4	8	11	25	11	12	2
1809	17	10	3	27	9	14	3
1810	4	7	11	3	30	12	9
1811	6	10	15	28	4	3	6
1812	2	12	3	6	9	14	11
1813	3	13	1	6	14	9	3
1814	10	22	7	50	8	18	6
1815	7	6	17	3	13	11	207
1816	6	10	17	3	4	14	6
1817	6	10	15	28	21	7	9
1818	10	12	7	28	4	18	11
1819	1	4	3	12	1	1	1
1820	12	8	11	18	8	12	6
1821	5	1	22	30	6	10	11
1822	2	6	3	10	9	14	11
1823	21	14	29	10	15	29	206
1824	12	10	11	5	20	12	2
1825	6	10	15	3	21	4	15
1826	12	10	5	10	18	1	209
1827	3	5	1	8	14	9	207
1828	5	1	22	20	6	10	4
1829	6	10	15	1	17	14	11
1830	7	10	17	28	62	11	11
1831	2	10	14	10	21	4	6
1832	2	4	19	28	21	14	11
1833	2	10	14	10	9	4	3
1834	2	3	18	15	63	1	6
1835	11	14	22	16	15	13	2
1836	2	10	19	28	9	4	13
1837	2	10	3	3	9	4	42
1838	6	10	15	3	2	3	3
1839	3	10	1	28	14	9	4
1840	6	10	15	30	9	4	1
1841	6	41	22	69	55	48	31
1842	2	10	15	12	17	14	11
1843	7	10	17	12	13	11	11
1844	17	10	15	28	17	3	207
1845	21	27	28	28	15	29	9
1846	2	3	9	12	2	1	20
1847	2	3	5	12	2	1	6
1848	6	10	14	5	21	14	9
1849	5	1	20	74	6	10	203
1850	6	10	15	10	13	4	9
1851	6	10	19	12	19	4	207
1852	2	10	63	10	2	1	6
1853	8	10	3	15	29	1	6
1854	5	3	6	10	2	1	6
1855	7	6	17	28	36	11	1
1856	26	9	2	5	3	17	15
1857	6	6	3	28	9	4	11
1858	1	6	3	1	1	1	9
1859	7	10	3	3	9	4	11
1860	2	10	3	3	9	4	207
1861	16	4	33	1	41	1	1
1862	22	4	3	28	1	1	1
1863	6	10	19	28	9	4	9
1864	3	13	1	28	9	9	11
1865	2	3	46	13	2	5	6
1867	21	14	29	11	15	29	6
1868	8	10	20	10	9	17	11
1869	12	9	2	5	19	17	11
1870	2	6	19	10	9	4	40
1871	2	10	5	13	52	1	6
1872	3	13	1	28	14	9	15
1873	6	10	15	28	19	4	207
1874	22	4	3	1	2	1	1
1875	31	10	20	10	19	4	11
1876	6	6	15	28	4	4	9
1877	6	10	19	42	19	4	207
1878	1	10	3	16	2	1	208
1879	6	6	15	14	21	7	6
1880	32	12	50	6	48	11	220
1881	6	10	19	28	69	4	11
1882	8	6	34	5	2	8	15
1883	3	10	1	1	14	9	215
1884	1	10	17	10	19	4	209
1885	6	10	14	28	2	14	3
1886	6	10	19	28	21	12	9
1887	7	6	17	7	13	11	207
1888	8	6	34	8	2	8	11
1889	12	29	2	5	50	20	213
1890	6	10	15	3	4	14	11
1891	4	8	11	5	11	12	34
1892	6	10	14	28	21	14	3
1893	6	16	18	28	4	4	6
1894	6	10	15	8	4	14	207
1895	7	10	15	28	21	7	207
1896	32	6	17	6	48	8	11
1897	27	3	9	3	56	5	6
1898	5	7	22	27	6	10	12
1899	2	10	3	14	9	1	6
1900	2	6	15	28	9	4	13
1901	2	8	11	10	10	1	2
1902	8	6	34	9	2	8	10
1903	6	10	19	28	19	4	1
1904	21	14	29	16	15	29	227
1905	11	14	16	10	15	13	2
1906	6	13	15	28	4	14	11
1907	10	22	7	50	16	18	6
1908	5	2	22	5	6	10	12
1909	2	10	57	13	2	1	6
1910	8	8	3	15	18	1	37
1911	16	21	12	19	31	21	6
1912	9	3	1	30	31	1	20
1913	6	10	5	48	33	1	209
1914	2	29	2	5	50	20	213
1915	2	10	3	1	9	4	3
1916	6	10	15	28	17	14	207
1917	6	10	15	28	9	14	13
1918	10	3	9	10	2	1	6
1919	16	21	12	19	31	21	1
1920	7	6	3	48	13	11	11
1921	6	10	14	28	2	3	6
1922	22	4	3	36	89	30	1
1923	2	10	14	10	88	4	3
1924	2	3	9	12	2	1	6
1925	8	10	3	47	2	1	6
1926	2	10	3	15	9	14	6
1927	3	4	1	1	14	9	13
1928	10	10	7	28	85	18	6
1929	6	6	3	28	9	4	6
1930	6	10	2	28	21	14	3
1931	6	10	19	28	4	4	3
1932	4	8	10	2	10	12	4
1933	7	10	19	10	19	4	6
1934	2	10	3	10	18	17	10
1935	32	35	48	6	48	50	54
1936	3	8	11	10	10	12	2
1937	2	10	15	10	9	4	9
1938	1	3	4	1	1	52	1
1939	2	10	1	3	9	4	6
1940	6	10	15	1	9	14	11
1941	12	8	11	15	20	12	2
1942	2	10	3	13	9	11	202
1943	2	10	3	28	30	14	207
1944	1	4	3	16	1	9	207
1945	6	6	15	6	4	14	9
1946	3	23	13	21	91	20	9
1947	3	4	1	1	1	1	9
1948	3	13	1	16	14	9	55
1949	7	10	3	5	9	4	9
1950	3	10	1	6	14	9	220
1951	3	4	1	6	14	9	220
1952	3	10	1	3	14	9	207
1953	7	6	17	3	2	25	207
1954	11	14	16	31	15	13	207
1955	10	22	7	28	16	18	210
1956	11	4	16	25	15	13	206
1957	2	10	24	28	4	4	210
1958	2	10	24	28	4	4	206
1959	2	10	9	10	2	1	229
1960	2	10	9	27	2	1	229
1961	2	31	5	5	35	5	34
1962	4	3	18	15	5	1	6
1963	4	8	11	5	29	12	6
1964	6	10	17	28	19	14	6
1965	4	3	18	28	5	1	9
1966	6	6	15	6	4	14	11
1967	2	10	3	5	15	1	10
1968	8	6	34	8	2	8	228
1969	6	10	15	13	19	14	6
1970	2	10	5	12	18	5	6
1971	1	4	3	28	1	1	13
1972	6	10	15	3	4	3	3
1973	21	10	28	2	15	29	227
1974	6	10	15	3	13	14	6
1975	3	12	1	6	35	9	220
1976	6	10	3	10	21	4	207
1977	6	10	3	28	21	7	207
1978	2	10	3	28	21	14	3
1979	7	6	17	3	13	11	56
1980	6	10	14	12	21	43	20
1981	4	7	11	3	5	12	9
1982	3	5	1	7	14	32	3
1983	8	10	3	15	33	1	6
1984	6	10	14	28	39	9	3
1985	3	7	1	3	14	11	9
1986	7	10	17	28	9	4	207
1987	7	6	17	3	50	11	9
1988	6	6	19	14	19	4	6
1989	3	10	14	28	21	14	9
1990	12	6	3	6	9	4	38
1991	6	10	19	3	19	14	3
1992	3	6	1	6	11	11	9
1993	10	12	3	6	9	14	220
1994	3	6	1	6	8	11	9
1995	7	6	17	6	13	11	220
1996	10	12	7	28	16	18	11
1997	10	22	7	28	16	18	15
1998	6	10	15	14	21	7	221
1999	3	6	1	6	1	11	9
2000	10	12	7	3	14	18	6
2001	2	6	17	28	13	11	9
2002	10	22	7	28	16	18	8
2003	2	10	24	7	4	4	207
2004	6	6	15	28	9	14	207
2005	6	10	15	28	4	3	207
2006	30	14	67	21	61	13	15
2007	2	10	17	3	9	4	3
2008	6	23	15	3	9	14	11
2010	4	8	11	16	24	12	2
2011	4	7	11	3	4	12	9
2012	2	10	19	13	21	14	207
2013	2	10	19	28	21	14	207
2015	6	10	19	3	4	4	9
2016	32	12	50	10	48	11	6
2017	6	9	2	5	3	17	15
2018	6	9	2	5	3	17	11
2019	6	9	2	5	3	17	6
2020	6	10	19	67	19	4	11
2021	7	9	26	5	3	17	15
2022	12	29	2	21	3	20	39
2023	2	10	5	28	18	14	7
2024	12	9	26	5	27	20	213
2025	6	10	14	28	9	14	15
2026	12	23	13	10	18	22	15
2027	2	10	5	10	18	22	15
2028	2	10	5	12	18	14	15
2029	12	9	26	21	3	20	15
2030	2	10	14	5	35	3	6
2031	12	8	11	2	11	12	205
2032	2	10	5	10	18	14	10
2033	1	4	3	10	1	1	203
2034	1	4	16	1	1	1	9
2035	1	4	68	1	1	1	9
2036	23	12	31	6	14	31	220
2037	19	25	25	33	49	28	225
2038	3	6	1	8	14	11	3
2039	6	10	15	3	21	14	11
2040	2	4	15	28	9	1	9
2041	2	10	5	15	33	5	9
2042	6	29	15	3	9	14	9
2043	4	7	11	3	11	1	8
2044	6	10	2	28	9	4	207
2045	29	49	30	9	66	31	11
2046	1	6	3	1	1	3	1
2047	12	31	11	5	11	12	22
2048	3	10	1	1	14	9	3
2049	2	6	17	25	9	11	6
2050	3	6	1	14	14	9	1
2051	2	10	15	28	2	4	9
2052	6	10	19	13	19	4	202
2053	6	6	15	20	19	14	207
2054	6	6	15	28	4	14	207
2055	3	10	11	3	9	4	9
2056	3	6	1	6	14	9	11
2057	2	10	39	28	9	4	9
2058	3	6	1	6	14	10	11
2059	3	4	1	6	35	9	220
2060	7	4	17	1	1	1	13
2061	11	14	16	71	15	13	1
2062	7	6	17	13	13	9	18
2063	6	10	15	3	21	3	3
2064	6	10	15	28	21	7	10
2065	2	10	3	13	13	4	18
2066	3	6	17	3	14	9	11
2067	7	10	17	3	14	11	11
2068	2	3	9	10	33	1	218
2069	3	10	1	1	14	9	13
2070	6	10	14	28	21	1	9
2071	12	8	11	21	11	12	9
2072	3	10	19	3	19	4	11
2073	8	10	3	15	18	1	24
2074	2	10	10	12	2	1	6
2075	2	10	15	28	4	14	11
2076	7	6	3	3	14	11	11
2077	6	6	21	28	17	14	11
2078	30	50	16	31	61	13	44
2079	12	8	11	21	10	12	17
2080	6	10	15	28	21	14	15
2081	2	10	3	3	9	11	9
2082	2	10	15	28	21	4	207
2083	2	10	15	28	21	4	9
2084	6	10	19	2	19	4	9
2085	6	10	15	28	4	3	1
2086	6	10	15	28	9	14	3
2087	2	10	15	28	21	4	6
2088	2	10	15	28	21	4	1
2089	12	9	2	5	14	20	6
2090	2	10	5	3	18	5	6
2091	5	1	22	30	6	9	203
2092	2	3	3	10	9	14	6
2093	6	10	19	13	19	4	6
2094	12	8	11	40	24	12	2
2095	3	10	1	3	29	9	3
2096	3	4	1	1	14	10	11
2097	2	3	22	15	2	1	6
2098	2	10	3	3	4	9	4
2099	6	51	19	6	19	4	6
2100	7	43	31	3	48	15	2
2101	23	6	1	6	13	15	220
2102	3	10	1	6	14	9	9
2103	17	10	3	13	9	4	202
2104	3	10	1	6	1	9	9
2105	6	10	15	66	21	7	6
2106	2	10	18	12	2	1	6
2107	4	7	11	3	29	12	9
2108	1	4	3	16	1	1	24
2109	6	10	2	10	9	4	6
2110	6	10	2	10	13	4	9
2111	6	6	19	3	19	4	11
2112	12	8	11	2	11	12	216
2113	6	10	21	10	17	14	209
2114	6	10	21	3	17	14	9
2115	7	10	17	3	13	14	207
2116	21	14	29	16	15	29	6
2117	3	4	1	1	14	10	1
2118	3	10	1	10	1	9	11
2119	6	10	3	28	9	4	9
2120	3	8	11	16	42	9	2
2121	6	10	21	3	17	14	57
2122	2	10	3	10	9	4	9
2123	2	6	15	3	19	4	11
2124	10	10	7	28	65	18	13
2125	17	23	13	21	91	22	9
2126	2	3	5	11	18	1	6
2127	12	5	1	10	14	32	6
2128	27	3	9	15	5	5	6
2129	2	22	7	28	16	18	6
2130	1	4	69	1	1	1	1
2131	21	27	28	3	15	29	11
2132	27	10	9	15	56	5	6
2133	11	14	16	76	15	13	2
2134	2	3	9	12	35	1	6
2135	5	2	20	27	6	10	12
2136	6	10	15	28	11	12	9
2137	12	23	13	5	32	22	15
2138	2	10	5	12	33	14	39
2139	11	14	16	10	15	13	9
2140	4	3	18	10	5	1	9
2141	6	10	15	12	21	14	207
2142	12	9	2	21	3	20	15
2143	12	9	11	10	11	12	6
2144	38	8	11	21	29	12	9
2145	2	9	2	21	3	17	15
2146	7	10	17	3	1	11	9
2147	2	10	14	10	21	14	1
2148	7	10	17	28	13	11	207
2149	5	10	22	10	6	10	10
2150	7	6	3	8	13	11	58
2151	2	6	17	6	13	11	59
2152	21	14	28	5	15	29	10
2153	2	10	18	15	1	5	6
2154	27	3	9	43	56	1	3
2155	6	46	15	25	48	14	11
2156	6	10	19	10	2	4	9
2157	2	3	9	10	92	1	6
2158	2	12	3	1	9	4	220
2159	2	10	15	3	9	4	13
2160	30	13	70	15	61	53	6
2161	3	13	1	6	14	9	6
2162	6	10	15	21	30	14	9
2163	2	6	1	3	14	9	6
2164	6	10	14	21	21	4	15
2165	2	6	17	16	13	11	11
2166	3	14	3	16	15	13	2
2167	7	4	17	1	17	11	11
2168	6	10	2	3	9	4	3
2169	5	1	22	30	6	10	213
2170	2	10	1	28	21	4	11
2171	3	10	1	1	14	12	15
2172	12	17	11	15	5	1	20
2173	8	10	3	10	33	1	6
2174	2	3	40	5	52	5	6
2176	3	10	1	3	14	1	11
2177	1	4	3	16	1	1	9
2178	2	6	3	28	9	4	11
2175	2	10	3	10	2	1	6
2179	2	10	15	28	17	14	207
2180	6	10	3	28	19	4	3
2181	1	4	3	1	1	1	8
2182	10	22	7	28	16	18	3
2183	2	10	14	10	19	4	9
2184	21	14	28	10	15	29	6
2185	8	29	5	5	11	20	15
2186	30	18	44	77	61	13	217
2187	6	6	19	13	19	4	6
2188	3	12	1	1	14	9	1
2189	21	14	29	3	15	29	9
2190	2	10	3	28	13	4	207
2191	2	10	24	3	17	4	6
2192	2	10	24	3	9	4	6
2193	12	10	5	10	33	1	209
2194	2	1	9	10	59	1	6
2195	6	10	17	3	4	4	11
2196	6	6	15	3	4	14	11
2197	3	5	1	7	14	11	8
2198	6	10	15	7	17	4	3
2199	7	5	1	7	14	32	8
2200	11	14	16	1	7	13	207
2201	17	6	15	3	9	14	11
2202	2	10	17	14	21	14	8
2203	6	6	15	3	9	4	3
2204	6	6	15	3	4	4	13
2205	17	10	15	7	17	14	11
2206	11	6	16	16	15	13	2
2207	2	10	19	28	19	4	3
2208	6	4	14	3	21	4	11
2209	6	10	15	28	21	4	9
2210	1	4	3	1	93	30	1
2211	2	43	48	6	94	31	40
2212	6	10	15	78	21	4	6
2213	7	6	3	16	13	11	26
2214	2	10	5	50	2	1	6
2215	2	10	15	28	19	4	13
2216	1	10	19	28	9	14	11
2217	1	4	3	1	95	1	1
2218	2	53	3	6	48	15	40
2219	3	13	1	1	14	9	9
2220	6	10	14	10	63	3	6
2221	6	10	5	11	10	1	209
2222	7	6	17	25	13	11	7
2223	6	6	17	8	4	14	207
2224	1	10	3	15	6	2	6
2225	2	10	15	10	9	4	2
2226	8	15	3	10	18	1	6
2227	2	10	3	28	1	14	207
2228	4	13	11	13	11	9	9
2229	2	6	17	9	12	8	9
2230	2	6	17	3	12	8	9
2231	10	22	7	28	16	18	9
2232	6	10	15	28	21	4	2
2233	6	10	3	28	9	4	1
2234	4	8	11	28	11	12	9
2235	2	12	48	6	48	11	3
2236	12	3	9	10	2	1	6
2237	8	6	34	9	53	8	3
2238	32	53	17	6	12	4	9
2239	6	10	20	10	9	14	9
2240	6	10	19	28	9	4	3
2241	2	15	3	10	2	1	6
2242	12	31	2	5	3	17	6
2243	2	10	3	3	1	4	11
2244	2	6	17	7	12	8	9
2245	12	9	2	21	76	17	15
2246	6	10	5	3	4	14	9
2247	16	21	12	19	31	21	9
2248	6	10	15	28	13	11	3
2009	7	6	17	3	39	11	9
2249	1	4	3	5	1	1	22
2250	28	21	33	37	41	1	1
2251	7	6	17	19	1	11	1
2252	6	10	15	10	21	14	2
2253	2	6	11	3	40	14	1
2254	28	21	33	37	41	1	222
2255	28	21	33	37	41	1	215
2256	16	21	33	37	41	1	222
2257	5	2	22	23	6	25	2
2258	21	27	29	80	15	29	230
2259	1	14	16	1	15	13	2
2260	1	4	3	3	1	1	1
2261	10	14	16	1	15	13	2
2262	1	4	3	19	1	30	3
2263	7	6	17	6	1	11	11
2264	7	6	17	3	48	11	3
2265	7	6	17	3	1	11	3
2266	16	4	3	19	1	30	3
2267	28	21	33	37	41	1	9
2268	6	10	15	10	21	14	1
2269	16	4	3	19	1	1	1
2270	7	6	31	19	48	11	3
2271	1	4	3	19	1	1	11
2272	16	4	3	1	1	30	1
2273	7	6	17	3	48	15	11
2274	23	12	31	6	48	31	1
2275	6	10	11	3	40	14	1
2276	7	6	17	19	1	11	3
2277	7	6	1	3	14	11	3
2278	28	21	33	37	41	1	3
2279	23	12	31	3	48	31	1
2280	1	4	3	19	1	30	215
2281	1	14	16	10	15	13	13
2282	10	14	16	12	15	13	215
2283	17	23	13	54	32	44	47
2284	1	4	3	1	1	1	60
2285	6	10	14	28	2	14	207
2286	4	10	11	3	11	12	9
2287	6	10	14	10	21	3	9
2288	1	6	1	1	14	1	1
2289	2	10	3	15	9	4	6
2290	2	10	3	28	9	11	9
2291	6	10	3	13	9	4	3
2292	2	10	3	10	9	14	3
2293	7	6	17	12	13	11	207
2294	17	10	3	16	9	4	26
2295	12	8	11	10	5	12	2
2296	6	10	19	3	14	4	11
2297	2	3	5	23	2	1	37
2298	6	10	14	28	21	4	11
2299	1	10	3	5	1	1	213
2300	7	6	17	28	2	11	9
2301	1	4	3	1	1	1	61
2302	21	27	28	21	15	29	9
2303	6	10	15	28	33	4	13
2304	2	10	19	13	21	14	3
2305	6	6	15	10	21	40	11
2306	6	10	15	12	21	14	62
2307	1	10	3	1	1	30	1
2308	21	14	29	10	15	29	10
2309	5	10	18	12	2	1	6
2310	1	4	3	1	93	1	204
2311	3	7	1	3	5	11	11
2312	1	14	16	31	15	13	210
2314	8	3	9	15	2	1	6
2315	6	10	2	28	4	1	207
2319	2	10	3	6	9	4	9
2320	2	10	3	30	9	4	203
2322	29	10	19	28	19	4	3
2323	7	6	1	3	14	11	11
2324	22	10	3	1	1	1	6
2325	3	14	16	1	15	13	207
2326	21	14	29	3	75	44	9
2327	6	10	15	28	9	4	6
2328	4	8	11	40	40	12	2
2329	11	14	16	12	7	13	3
2330	1	4	3	12	1	1	9
2331	22	4	3	1	1	1	9
2332	6	10	19	14	21	4	11
2333	17	13	1	28	27	9	3
2334	19	6	17	3	13	10	6
2335	2	6	3	3	9	4	207
2336	7	29	2	21	3	20	39
1070	7	10	15	28	14	40	11
2337	7	12	17	3	35	11	11
2338	7	6	31	8	48	11	11
2339	3	6	1	28	19	4	11
2340	10	12	7	81	16	18	6
2341	6	6	15	28	4	14	63
2342	6	6	15	28	4	14	2
2343	3	13	1	6	12	9	11
2344	2	10	18	15	33	5	6
2345	2	10	57	28	2	1	6
2346	2	6	3	13	14	14	2
2347	7	1	17	15	13	11	6
2348	2	10	19	6	19	4	11
2349	7	10	19	3	19	4	6
2350	6	10	15	28	17	14	6
2351	1	7	11	4	1	12	9
2352	2	6	17	17	13	11	6
2353	2	3	6	10	1	1	6
2354	2	6	3	28	9	4	6
2355	1	14	16	25	15	13	1
2356	3	12	1	6	35	9	6
2357	1	14	16	25	15	13	206
2358	2	14	16	31	15	13	11
2359	2	14	16	1	15	13	10
2360	6	14	16	1	15	13	10
2361	3	10	1	28	11	9	3
2362	8	1	22	30	6	10	1
2363	12	17	11	10	5	12	3
2364	12	17	11	10	5	12	1
2365	12	14	16	18	15	13	201
2366	2	3	3	13	33	1	6
2367	6	10	15	28	21	7	1
2368	2	12	48	1	48	11	1
2369	8	10	3	15	2	26	20
2370	20	23	14	44	21	4	6
2317	2	19	5	10	33	1	2
2371	12	8	11	23	59	12	2
2372	7	6	17	3	13	9	6
2373	6	10	2	10	13	4	6
2374	21	27	28	82	15	29	9
2375	7	6	3	15	13	3	3
2376	7	6	3	8	13	3	3
2377	2	10	15	12	9	14	13
2378	7	6	3	28	13	11	9
2379	11	14	16	30	15	13	213
2380	7	10	17	1	14	11	1
2381	1	6	16	16	15	1	2
2382	2	10	11	10	11	12	28
2383	2	10	15	12	9	14	9
2384	2	10	22	15	6	1	6
2385	2	23	13	10	33	22	6
2386	2	6	17	10	9	4	11
2387	6	23	15	10	9	14	9
2388	6	6	15	14	4	14	11
2389	2	3	5	10	18	1	6
2390	16	21	33	37	31	1	2
2391	16	21	33	37	41	1	2
2392	2	10	15	3	21	14	9
2393	12	8	11	5	20	12	9
2394	10	10	7	28	8	18	11
2395	2	53	48	6	48	15	207
2396	2	6	17	6	96	3	11
2397	3	6	1	21	11	11	9
2398	7	12	17	21	11	11	11
2399	7	6	17	21	11	11	9
2400	3	10	1	28	14	54	3
2401	7	6	17	84	11	11	9
2402	2	3	18	3	2	1	9
2403	2	15	18	10	2	1	6
2404	2	15	3	10	9	4	6
2405	8	10	1	15	14	9	6
2406	6	10	15	28	21	40	9
2407	11	14	16	12	15	13	215
2408	5	1	17	13	9	4	207
2409	12	23	13	10	18	22	10
2410	12	7	11	25	11	12	1
2411	7	6	14	3	13	11	9
2412	7	6	17	28	13	11	1
2413	2	6	17	3	13	11	7
2414	6	10	17	28	4	14	3
2415	12	15	11	40	10	12	24
2416	7	6	1	21	13	11	9
2417	34	27	56	15	72	29	6
2418	11	14	16	31	15	13	1
2419	11	4	16	25	7	13	206
2420	1	4	3	1	1	1	64
2421	2	7	11	3	1	12	11
2422	3	4	1	1	1	1	1
2423	7	6	3	3	13	11	2
2424	5	2	22	51	6	25	31
2425	10	3	5	5	18	1	10
2426	12	10	15	5	13	14	15
2427	2	10	14	5	39	13	6
2428	2	10	3	1	9	1	1
2429	6	10	15	10	9	17	6
2430	3	10	1	12	1	9	9
2431	3	10	14	28	21	14	3
2432	7	10	3	5	18	1	10
2433	6	1	22	30	6	10	203
2434	6	10	19	28	75	1	1
2435	8	10	18	10	2	1	6
2436	1	4	3	10	18	1	1
2437	4	8	11	23	11	12	37
2438	26	41	73	85	55	10	65
2439	2	3	9	10	93	1	6
2468	2	1	22	5	6	10	15
2441	3	6	1	10	14	11	11
2442	4	10	15	28	4	14	11
2443	12	8	11	10	20	12	10
2444	2	8	5	16	35	5	2
2445	6	23	13	11	91	22	9
2446	2	10	18	10	29	1	6
2447	2	10	48	10	17	14	3
2448	1	4	3	1	5	1	3
2449	12	6	17	3	11	11	11
2450	6	23	15	21	9	14	9
2451	2	10	3	1	9	1	20
2452	12	4	1	3	14	9	9
2453	7	6	17	3	4	11	11
2454	2	23	17	3	9	4	6
2455	6	10	3	28	9	14	3
2456	6	10	15	13	9	11	6
2457	8	10	3	15	18	55	6
2458	3	7	1	3	1	9	11
2459	2	10	5	10	18	5	6
2460	2	3	5	11	2	5	6
2461	3	7	1	3	1	12	11
2462	26	2	35	10	6	10	203
2463	2	3	3	15	2	1	6
2464	6	10	74	10	9	14	6
2465	4	8	11	16	5	12	2
2466	7	6	17	14	4	11	1
2467	1	4	3	86	1	1	1
2469	6	10	15	3	19	4	6
2470	5	3	9	10	2	1	6
2471	3	13	1	10	14	9	7
2472	7	6	3	3	9	4	11
2473	5	8	11	5	20	12	2
2474	2	3	9	13	2	5	11
2475	2	10	1	3	9	4	9
2476	1	4	17	1	83	14	11
2477	12	14	16	16	15	13	2
2478	6	10	14	5	39	4	9
2479	5	10	22	3	6	2	9
2481	2	3	18	15	93	1	6
2482	2	3	5	3	2	1	6
2483	1	4	3	5	5	1	15
2484	10	12	7	3	35	18	6
2485	1	4	3	1	1	52	1
2486	12	29	2	5	27	20	213
2487	12	9	2	5	26	17	15
2488	22	4	3	87	1	30	1
2489	12	8	11	3	11	12	9
2490	2	6	3	28	9	4	207
2491	21	14	28	10	15	29	10
2492	12	54	1	28	14	4	6
2493	12	31	2	5	27	20	34
2494	6	6	15	3	9	14	207
2495	2	4	17	6	1	14	11
2496	6	3	15	10	21	1	6
2497	2	19	5	10	35	1	10
2498	2	3	18	10	97	1	6
2499	6	10	15	10	9	40	10
2500	6	23	15	10	19	14	9
2501	7	6	17	3	29	11	11
2502	5	3	22	15	6	1	6
2503	12	8	26	5	3	17	15
2504	12	15	2	6	50	12	15
2505	6	10	15	3	98	14	9
2506	5	12	17	21	11	11	11
2507	6	23	15	10	14	3	9
2508	1	4	3	5	21	1	213
2509	3	10	1	3	14	9	13
2510	7	6	17	14	2	1	11
2511	4	55	11	3	11	12	9
2512	11	14	16	1	7	13	2
2513	12	8	11	8	29	12	2
2514	2	10	5	5	63	5	6
2515	2	10	5	5	93	5	6
2516	2	19	5	1	63	1	10
2517	2	19	5	76	18	1	2
2518	3	12	1	14	14	8	3
2519	2	19	5	76	38	1	2
2520	4	8	11	1	10	12	2
2521	26	41	22	3	11	10	9
2522	12	29	26	21	26	17	6
2523	2	6	17	14	9	11	11
2524	16	4	3	19	1	1	3
2525	16	4	3	19	1	30	215
2526	7	14	16	1	15	13	2
2527	7	14	16	12	15	13	1
2528	7	6	31	19	48	11	215
2529	1	4	3	19	1	1	30
2530	1	14	16	12	15	13	215
2531	7	14	16	1	15	13	1
2532	1	4	31	19	1	1	1
2533	7	6	17	1	1	9	3
2534	7	6	17	3	13	11	30
2535	1	10	19	1	19	4	1
2536	23	12	48	6	48	11	220
2537	2	12	48	6	48	11	220
2538	7	6	17	3	13	15	220
2539	7	12	3	8	13	11	3
2540	3	6	1	8	13	11	3
2541	6	10	14	28	21	3	3
2542	11	4	16	16	15	13	9
2543	6	6	19	28	19	11	9
2544	29	49	30	10	66	31	11
2545	23	43	17	6	12	15	40
2546	8	49	34	9	53	8	209
2547	1	4	3	1	1	1	217
2548	3	10	31	88	1	9	1
2549	1	56	3	1	1	1	1
2551	6	10	14	28	4	4	3
2552	26	41	22	3	55	10	31
2553	7	6	17	14	2	11	11
2554	6	10	15	10	9	14	207
2556	3	10	1	6	1	9	220
2557	2	8	11	5	29	12	10
2558	12	8	11	5	29	12	2
2559	2	3	9	10	2	1	7
2560	2	10	3	23	9	4	15
2561	6	10	17	10	19	11	11
2562	5	1	22	12	6	10	9
2563	17	10	3	28	4	3	11
2564	2	23	13	5	18	22	15
2565	8	10	15	28	12	15	201
2566	5	3	6	10	2	1	9
2567	3	10	1	6	14	9	13
2568	1	14	16	1	7	13	206
2569	6	16	15	10	21	14	10
2570	3	14	16	31	15	13	210
2571	6	10	15	12	21	40	6
2572	7	6	31	28	48	11	3
2573	10	22	7	3	16	18	9
2574	2	6	17	28	13	3	207
2575	7	6	17	13	13	11	202
2576	12	23	13	28	32	45	207
2577	12	9	26	5	26	17	9
2578	3	10	1	10	14	9	28
2579	2	5	3	28	9	4	6
2580	6	10	19	28	19	14	3
2581	2	32	20	38	34	35	219
2582	2	10	15	10	9	4	11
2583	4	8	11	5	11	12	15
2584	5	1	22	5	6	10	203
2585	2	10	3	1	9	4	13
2586	6	10	75	6	17	14	11
2588	10	10	7	28	9	18	13
2589	10	22	7	3	16	18	207
2590	3	13	1	8	14	9	3
2591	1	10	3	28	9	14	1
2592	7	6	17	3	13	11	6
2593	2	10	9	10	2	5	9
2594	6	3	15	28	9	14	11
2595	6	10	19	3	4	3	3
2596	6	10	15	14	9	14	3
2597	3	10	14	28	9	14	3
2598	1	6	3	3	13	11	11
2599	6	23	15	28	9	14	207
2600	2	10	11	15	2	5	9
2601	23	12	31	3	48	31	11
2602	1	4	3	88	1	1	1
2603	16	21	33	37	31	1	222
2604	28	21	33	37	41	1	2
2605	2	10	46	47	52	5	9
2606	2	10	18	13	25	5	6
2607	21	14	28	10	15	29	9
2608	3	10	1	10	14	4	6
2609	5	2	22	10	6	12	203
2610	6	10	15	10	17	14	6
2611	6	10	19	3	21	4	11
2612	3	3	1	10	1	1	6
2613	6	10	14	10	4	14	207
2614	3	10	31	28	14	9	13
2615	2	3	18	14	25	5	6
2616	10	10	7	6	14	18	6
2617	2	3	9	10	2	1	209
2618	6	10	19	28	21	4	207
2619	2	10	3	13	9	4	6
2620	6	10	15	6	9	14	207
2621	6	10	20	28	9	14	11
2622	6	12	17	28	9	14	207
2623	7	6	17	6	14	11	11
2624	6	23	14	28	39	3	207
2625	6	10	20	28	21	14	207
2626	1	4	3	19	31	1	215
2627	2	3	5	50	2	1	6
2628	1	4	3	6	1	1	3
2629	3	13	1	30	14	9	203
2631	21	14	28	15	15	26	6
2632	21	14	28	10	15	26	6
2633	6	10	15	6	4	14	11
2634	8	10	76	10	2	1	6
2635	1	4	3	1	99	1	1
2636	12	9	2	5	100	17	15
2637	2	10	15	28	9	4	207
2638	1	4	3	89	1	30	218
2639	1	4	3	89	41	30	218
2640	16	21	33	19	41	1	215
2641	7	6	17	19	36	11	215
2642	2	10	3	20	9	14	3
2643	6	10	14	10	21	14	209
2644	2	10	15	15	9	4	6
2645	7	4	31	6	48	15	9
2646	5	1	22	5	6	10	4
2647	2	10	17	16	9	4	26
2648	2	3	18	11	2	1	6
2649	2	10	3	6	9	14	11
2650	7	10	15	28	4	3	207
2651	6	6	17	28	21	7	207
2652	24	13	1	15	101	9	6
2653	2	8	5	12	2	1	6
2654	10	14	16	25	7	13	206
2655	2	19	5	12	18	5	6
2656	6	6	19	28	102	4	6
2657	2	3	5	3	2	5	9
2658	1	6	3	10	9	1	11
2659	2	19	5	5	35	5	6
2660	7	1	17	26	13	11	10
2661	6	10	14	3	2	14	9
2662	6	35	14	3	4	14	9
2663	10	22	7	47	16	18	221
2664	5	1	22	30	6	14	203
2665	6	4	15	28	13	14	9
2666	10	22	7	50	14	18	6
2667	12	8	11	2	8	12	4
2668	6	10	17	3	9	14	207
2669	6	10	15	21	17	14	19
2670	2	3	5	40	2	1	6
2671	10	23	13	6	32	22	205
2672	6	10	3	28	9	7	207
2673	2	57	48	28	9	14	207
2674	6	10	3	28	21	56	9
2675	4	8	11	23	35	12	28
2676	4	29	2	5	50	17	15
2677	27	3	9	10	56	5	37
2678	2	6	9	6	2	1	11
2679	3	10	1	28	59	9	3
2680	3	13	22	15	14	9	6
2681	6	10	2	10	13	14	9
2682	1	10	15	28	9	4	3
2683	6	10	15	21	21	40	9
2684	2	31	3	10	18	1	9
2685	1	3	9	13	2	6	6
2686	6	10	19	10	9	4	9
2687	2	10	46	10	52	5	9
2688	6	10	15	3	13	14	9
2689	1	4	3	1	31	1	1
2690	6	6	3	28	9	4	207
2691	8	10	3	13	2	1	6
2692	4	15	11	3	11	12	9
2693	10	3	7	28	16	18	6
2694	6	10	2	28	4	14	207
2695	2	3	9	10	2	1	37
2696	2	10	3	15	18	1	6
2697	2	10	14	28	21	4	3
2698	6	10	14	3	19	4	11
2699	16	21	33	37	31	1	215
2700	8	49	34	9	12	8	209
2701	6	10	3	78	9	4	218
2702	3	6	1	7	14	11	6
2704	12	23	13	54	32	45	15
2630	2	6	21	28	12	8	9
2705	4	29	2	5	20	17	15
2706	4	8	11	5	29	12	17
2707	12	8	11	16	24	12	9
2708	2	3	6	10	5	1	9
2709	6	10	15	12	21	14	11
2710	6	16	14	3	21	14	9
2711	2	6	15	28	9	4	9
2712	21	14	29	15	15	29	206
2713	1	10	14	10	9	3	6
2714	6	15	15	15	4	4	6
2715	2	3	18	10	2	1	9
2716	2	3	38	10	17	4	3
2717	17	10	17	28	4	3	9
2718	7	6	3	28	17	4	6
2719	17	23	13	10	103	22	10
2720	1	58	3	1	1	1	1
2721	1	4	3	1	1	57	1
2722	6	8	49	28	4	4	3
2723	6	10	17	13	17	14	11
2724	7	43	31	3	48	10	40
2725	7	10	17	3	17	9	11
2726	3	1	22	30	6	10	203
2727	2	3	18	3	2	1	6
2728	2	19	5	10	18	1	34
2729	3	13	1	13	14	9	202
2730	2	10	14	10	9	3	9
2731	2	10	19	5	21	14	213
2732	2	3	18	15	35	1	10
2733	2	3	9	10	33	1	10
2734	7	10	3	28	13	14	3
2735	2	10	19	67	19	4	48
2736	2	10	3	13	9	14	3
2737	1	6	14	3	2	3	6
2738	30	14	67	31	61	13	210
2739	6	10	17	54	9	14	6
2740	7	6	14	3	30	3	6
2741	7	10	14	3	2	3	1
2742	12	29	2	90	50	5	15
2743	2	10	15	3	9	4	3
2744	6	10	15	10	21	7	6
2745	2	10	5	15	2	1	6
2746	3	6	1	3	14	3	9
2747	2	10	15	1	9	4	6
2748	6	10	19	5	39	14	9
2749	2	3	5	91	2	1	6
2750	2	15	9	10	35	1	9
2751	11	14	16	13	15	13	9
2752	27	14	16	13	15	13	9
2753	6	10	15	28	13	14	11
2754	6	10	15	28	13	14	207
2755	2	10	5	12	18	14	207
2756	3	10	19	28	19	4	6
2757	3	4	1	1	14	4	11
2758	21	3	29	10	15	29	6
2759	8	27	28	2	15	29	6
2760	1	6	14	3	104	3	9
2761	12	9	2	5	50	17	6
2762	3	6	1	14	1	9	6
2763	2	6	77	14	13	15	11
2764	3	5	1	7	14	1	5
2765	4	29	2	5	3	17	209
2766	6	10	14	3	2	14	6
2767	1	4	3	10	1	1	6
2768	31	10	20	10	21	4	3
2769	6	10	15	3	21	3	15
2770	1	6	21	1	1	1	1
2771	12	8	11	23	1	26	2
2772	22	1	3	10	1	30	6
2773	8	49	3	64	22	8	11
2774	7	6	17	3	48	11	11
2775	1	4	3	10	1	30	1
2776	6	16	14	3	21	14	6
2777	8	4	3	64	22	8	11
2778	23	4	3	1	1	30	1
2779	1	4	3	10	93	30	10
2780	2	9	26	5	50	17	213
2781	7	43	31	1	48	15	11
2782	6	10	15	10	21	40	11
2783	8	6	65	11	2	8	11
2784	6	10	3	16	9	4	208
2785	12	29	11	5	11	20	15
2786	3	10	1	28	14	9	220
2787	3	29	15	28	9	4	220
2788	2	10	15	28	9	14	3
2789	32	43	48	6	48	31	40
2790	2	53	48	6	48	15	40
2791	2	10	1	28	9	4	207
2792	2	12	48	6	48	15	209
2793	2	10	15	28	78	4	207
2794	2	6	17	3	13	8	9
2795	22	4	3	36	1	30	11
2796	2	12	48	6	48	15	220
2797	29	49	30	9	66	31	209
2798	5	1	22	74	6	10	203
2799	6	10	14	28	21	3	207
2800	6	10	17	28	9	4	207
2801	29	49	30	9	66	31	220
2802	2	12	48	6	48	11	1
2803	8	6	30	9	2	8	209
2804	16	21	33	19	31	21	215
2805	6	10	14	28	9	14	9
2806	2	10	3	6	9	4	3
2807	6	10	15	3	13	14	3
2808	6	10	15	10	9	3	3
2809	6	4	15	28	21	14	1
2810	2	10	1	6	14	11	11
2811	6	10	3	28	9	4	3
2812	5	1	22	30	6	12	203
2813	17	10	15	3	2	3	11
2814	2	10	19	3	19	4	11
2815	17	23	13	15	32	22	6
2816	12	29	2	5	13	20	15
2817	2	10	9	10	2	3	6
2818	4	8	11	5	29	2	10
2819	7	6	11	28	13	11	13
2820	21	27	55	54	15	29	206
2821	7	10	17	3	13	11	15
2822	21	14	43	16	15	29	2
2823	12	23	13	10	18	45	10
2824	6	6	15	3	21	14	11
2825	2	10	5	3	52	5	9
2826	2	10	14	10	9	4	9
2827	8	29	5	5	2	20	15
2828	7	27	28	5	15	29	6
2829	21	27	28	15	15	29	6
2830	2	3	3	12	2	1	9
2831	6	10	17	3	9	4	11
2832	7	6	31	7	48	15	9
2833	4	8	11	28	34	12	3
2834	2	12	3	6	106	14	220
2835	2	15	18	13	25	5	6
2836	6	6	38	1	1	14	15
2837	2	24	78	38	34	23	3
2838	3	6	1	1	14	1	1
2839	4	15	11	3	29	12	9
2840	32	12	50	1	48	11	6
2841	3	10	1	28	14	4	3
2842	2	59	5	10	2	1	6
2843	6	10	21	28	9	14	11
2844	2	13	24	28	4	4	207
2845	11	14	16	28	15	13	6
2846	3	10	1	28	1	9	6
2847	6	10	15	3	21	40	9
2848	1	4	3	10	2	30	1
2849	1	4	3	1	1	30	6
2850	2	10	3	28	19	4	3
2851	6	10	15	13	9	14	9
2852	6	10	15	13	17	14	9
2853	5	1	22	92	6	10	6
2854	2	10	20	93	21	4	207
2855	6	4	19	28	19	4	15
2856	6	10	15	15	17	14	6
2857	11	14	16	3	15	13	2
2858	12	9	2	5	3	20	15
2859	11	14	16	12	15	13	9
2860	27	3	9	25	56	5	205
2861	3	13	1	28	8	9	11
2862	2	10	17	6	12	8	11
2863	2	10	17	6	14	11	207
2864	12	10	13	28	32	45	9
2865	8	49	34	8	12	8	228
2866	6	10	15	14	21	4	207
2867	2	10	15	12	19	4	3
2868	3	10	1	5	14	9	3
2869	7	4	3	10	1	1	13
2870	4	8	11	2	8	12	4
2871	1	4	3	1	35	1	1
2872	3	13	1	8	14	9	207
2873	1	10	3	28	9	4	13
2874	3	10	1	28	1	9	201
2875	32	6	17	10	11	11	11
2876	3	10	1	3	14	9	3
2877	7	6	17	10	13	59	11
2878	6	3	15	28	21	4	9
2879	8	3	9	10	2	1	218
2880	6	10	15	6	17	14	207
2881	6	8	11	23	29	12	2
2882	3	6	1	3	29	9	9
2883	10	22	79	28	16	18	6
2884	3	10	1	28	14	14	3
2885	16	21	33	1	41	1	1
2886	21	14	28	35	15	29	6
2887	8	15	3	28	18	1	6
2888	7	3	17	3	2	11	11
2889	40	60	80	94	103	33	232
2890	3	13	1	6	14	9	207
2891	3	10	1	7	4	32	11
2892	2	6	17	6	12	8	207
2893	21	14	29	54	15	29	206
2894	3	4	1	2	14	9	11
2895	2	10	3	28	1	4	11
2896	1	4	3	1	1	1	207
2897	6	7	14	28	4	4	13
2898	21	27	18	2	15	29	6
2899	30	15	67	28	7	13	207
2900	3	23	13	95	32	60	233
2901	7	6	17	3	35	11	11
2902	3	13	11	3	14	9	207
2903	11	14	16	28	15	13	11
2904	6	10	14	10	21	14	11
2905	6	10	21	28	21	14	11
2906	2	10	3	28	13	4	13
2907	6	10	14	28	21	1	6
2908	41	23	13	95	32	60	233
2909	7	7	17	3	13	12	11
2910	5	1	22	3	6	10	11
2911	6	10	19	6	9	4	9
2912	12	31	11	56	11	12	34
2913	6	43	15	28	4	3	207
2914	8	29	5	5	5	20	15
2915	8	29	79	5	11	20	15
2916	7	10	15	10	9	4	2
2917	3	6	1	6	29	11	11
2918	12	17	11	40	11	12	2
2919	2	10	15	28	21	14	3
2920	3	6	1	16	1	11	208
2921	3	10	1	54	14	9	206
2922	2	3	18	10	2	1	203
2923	6	10	15	3	21	3	207
2924	3	14	16	1	15	13	1
2925	7	10	17	3	14	9	11
2926	12	10	11	28	11	12	13
2927	12	10	3	28	9	4	207
2928	6	10	21	13	107	14	11
2929	12	23	13	10	1	45	10
2930	3	13	1	3	12	9	6
2931	7	6	17	21	13	11	11
2932	12	29	2	10	3	20	9
2933	12	9	2	5	3	17	6
2934	3	3	9	10	2	1	6
2935	2	3	18	15	33	5	6
2936	7	6	17	3	9	11	9
2937	10	22	7	3	9	18	6
2938	12	9	2	24	3	17	15
2939	6	10	15	13	108	14	11
2940	5	2	22	10	6	10	12
2941	2	10	81	11	18	1	234
2942	3	5	48	6	14	9	8
2943	6	10	15	10	13	14	3
2944	2	10	18	12	2	1	9
2945	12	9	2	5	9	20	6
2946	6	10	2	28	13	14	6
2947	12	29	2	5	27	17	15
2948	6	10	5	28	18	14	40
2949	12	9	2	28	27	20	6
2950	6	10	2	28	13	4	207
2951	6	23	14	28	9	14	207
2952	2	6	48	14	12	8	11
2953	2	10	9	15	2	5	6
2954	2	6	17	3	13	11	9
2955	2	10	5	13	2	1	9
2956	2	6	17	7	13	8	9
2957	2	10	5	28	52	14	9
2958	4	8	11	21	10	12	15
2959	7	10	19	28	19	4	11
2960	1	4	3	1	1	1	21
2961	2	10	9	10	6	1	10
2962	20	26	27	34	46	27	1
2963	16	21	12	19	31	21	21
2964	2	10	9	13	63	1	20
2965	6	29	3	28	9	4	6
2966	3	10	1	16	9	4	207
2967	10	22	7	50	16	4	6
2968	2	10	15	16	21	7	207
2969	2	6	15	3	21	7	11
2970	2	10	3	14	9	4	11
2971	10	10	7	6	9	18	11
2972	6	23	20	6	4	14	9
2973	10	23	7	28	16	18	6
2974	3	6	1	28	12	4	3
2975	7	10	3	28	9	11	13
2976	2	15	3	28	9	4	3
2977	10	22	7	5	16	18	213
2978	6	10	15	10	21	4	10
2979	2	6	17	16	12	8	9
2980	3	10	1	6	14	11	9
2981	8	3	18	10	68	1	6
2982	4	8	11	2	5	12	2
2983	2	10	5	10	18	14	207
2984	6	10	19	10	19	4	6
2985	2	3	9	10	6	1	6
2986	7	10	17	28	13	11	11
2987	3	6	1	8	14	9	205
2988	10	10	3	28	9	4	13
2989	28	21	33	37	31	1	222
2990	2	10	3	28	9	4	42
2991	4	15	11	16	42	12	2
2992	7	6	3	3	9	4	6
2993	7	10	15	28	21	40	11
2994	2	10	5	3	33	4	9
2995	3	6	1	28	14	11	1
2996	21	27	82	54	15	29	206
2997	4	7	11	3	11	12	66
2998	2	9	26	10	3	17	213
2999	2	10	5	3	9	4	3
3000	21	27	28	54	15	29	47
3001	41	23	13	95	75	44	223
3002	2	23	13	95	75	44	223
3003	2	10	14	10	18	4	207
3004	8	29	5	40	11	20	6
3005	17	23	83	10	91	22	10
3006	2	10	14	8	18	4	218
3007	1	12	84	1	1	1	1
3008	2	3	9	10	51	1	218
3009	5	1	22	2	6	10	223
3010	12	8	11	15	11	12	20
3011	2	10	3	28	9	4	67
3012	2	23	3	3	9	4	3
3013	3	13	16	30	15	13	213
3014	5	2	22	28	6	9	203
3015	6	10	19	13	19	4	207
3016	8	3	3	10	2	1	6
3017	16	21	33	37	41	1	215
3018	1	4	3	25	5	1	206
3019	3	6	1	3	11	9	11
3020	1	4	3	28	1	1	3
3021	17	10	15	7	17	3	8
3022	7	10	17	23	13	11	235
3023	12	17	11	5	5	12	22
3024	2	10	19	28	9	4	9
3025	1	4	3	30	1	1	203
3026	2	10	5	15	18	5	9
3027	2	43	31	6	94	15	202
3029	1	12	3	6	1	1	220
3030	3	6	1	16	14	11	13
3031	29	49	30	9	12	8	11
3032	6	10	49	10	4	4	3
3033	21	14	29	20	15	29	6
3034	6	6	19	15	102	4	6
3035	2	3	18	15	25	5	6
3036	9	6	85	14	22	15	56
3037	8	10	3	16	11	1	26
3038	2	61	18	13	25	1	6
3039	8	1	22	15	6	10	6
